'2387',5501,82200,,'',0,9900,4,'',0,100,,'',0,9900,4,'',0,100,,'',0,9900,4,'',0,100,,'',0,9900,4,'',0,100,,'',0,9900,4,'',0,100,,'',0,9900,4,'',0,100,,'',0,9900,4,'',0,100,,'',0,9900,4,'',0,100,,'',0,9900,4,'',0,100,,'',0,9900,4,'',0,100,,'',0,9900,4,'',0
'2419',5501,73200,,'',0,1900,4,'',0,100,,'',0,7900,4,'',0,100,,'',0,1900,4,'',0,100,,'',0,7900,4,'',0,2000,4,'',0,100,,'',0,9900,4,'',0,100,,'',0,9900,4,'',0,100,,'',0,9900,4,'',0,100,,'',0,9900,4,'',0,100,,'',0,9900,4,'',0,100,,'',0,9900,4,'',0,100,,'',0,7300,4,'',0,100,,'',0,2500,4,'',0,100,,'',0,7300,4,'',0,100,,'',0,2500,4,'',0,100,,'',0,7300,4,'',0,100,,'',0,2500,4,'',0,100,,'',0,7300,4,'',0,2600,4,'',0,100,,'',0,9900,4,'',0,100,0,'Foothills',0
'2422',5501,81300,4,'',0,900,,'',0,9900,4,'',0,100,,'',0,9900,4,'',0,100,,'',0,9900,4,'',0,100,,'',0,9900,4,'',0,100,,'',0,9900,4,'',0,100,,'',0,9900,4,'',0,100,,'',0,9900,4,'',0,100,,'',0,9900,4,'',0,100,,'',0,9900,4,'',0,100,,'',0,9900,4,'',0,100,,'',0,9900,4,'',0,100,,'',0,9900,4,'',0,100,,'',0,9900,4,'',0,100,,'',0,9900,4,'',0
'2424',5501,73200,,'',0,1900,4,'',0,100,,'',0,7900,4,'',0,100,,'',0,1900,4,'',0,100,,'',0,7900,4,'',0,2000,4,'',0,100,,'',0,9900,4,'',0,100,,'',0,9900,4,'',0,100,,'',0,9900,4,'',0,100,,'',0,9900,4,'',0,100,,'',0,9900,4,'',0,100,,'',0,9900,4,'',0,100,,'',0,7300,4,'',0,100,,'',0,2500,4,'',0,100,,'',0,7300,4,'',0,100,,'',0,2500,4,'',0,100,,'',0,7300,4,'',0,100,,'',0,2500,4,'',0,100,,'',0,7300,4,'',0,2600,4,'',0,100,,'',0,9900,4,'',0,100,0,'Foothills',0
'2434',5501,81300,4,'',0,900,,'',0,9900,4,'',0,100,,'',0,9900,4,'',0,100,,'',0,9900,4,'',0,100,,'',0,9900,4,'',0,100,,'',0,9900,4,'',0,100,,'',0,9900,4,'',0,100,,'',0,9900,4,'',0,100,,'',0,9900,4,'',0,100,,'',0,9900,4,'',0,100,,'',0,9900,4,'',0,100,,'',0,9900,4,'',0,100,,'',0,9900,4,'',0,100,,'',0,9900,4,'',0,100,,'',0,9900,4,'',0
'2419',10500,80400,4,'',0,5000,4,'',0,9000,4,'',0,9000,4,'',0,9000,4,'',0,9000,4,'',0,9000,4,'',0,5000,4,'',0,9000,4,'',0,9000,4,'',0,9000,4,'',0,9000,4,'',0
'2419',10501,71800,,'',0,9000,,'',0,5000,,'',0,9000,,'',0,9000,,'',0,9000,,'',0,9000,,'',0,9000,,'',0,5000,,'',0,9000,,'',0,9000,,'',0,9000,,'',0,9000,,'',0
'2424',10500,80400,4,'',0,5000,4,'',0,9000,4,'',0,9000,4,'',0,9000,4,'',0,9000,4,'',0,9000,4,'',0,5000,4,'',0,9000,4,'',0,9000,4,'',0,9000,4,'',0,9000,4,'',0
'2424',10501,71800,,'',0,9000,,'',0,5000,,'',0,9000,,'',0,9000,,'',0,9000,,'',0,9000,,'',0,9000,,'',0,5000,,'',0,9000,,'',0,9000,,'',0,9000,,'',0,9000,,'',0
'2429',16100,112200,4,'',0
'2429',16101,150000,,'',0
'2434',16100,112200,4,'',0
'2434',16101,150000,,'',0
