100,105013,1,0
100,105076,2,0
100,105367,3,0
100,105366,4,0
100,105365,5,0
100,105364,6,0
100,105363,7,0
100,105362,8,0
100,105361,9,0
100,105077,10,0
100,105115,11,0
100,105116,12,0
100,105117,13,0
100,105118,14,0
100,105042,15,0
100,105041,16,0
100,105123,17,0
100,105359,18,0
100,105358,19,0
100,105357,20,0
100,105356,21,0
100,105355,22,0
100,105360,23,0
100,105354,24,0
100,105353,25,0
100,105352,26,0
100,105351,27,0
100,105350,28,0
100,105349,29,0
100,105348,30,0
100,105347,31,0
100,105346,32,0
100,105345,33,0
100,105344,34,0
100,105343,35,0
100,105296,36,0
100,105297,37,0
100,105298,38,0
100,105299,39,0
100,105300,40,0
100,105082,41,0
100,105246,42,0
100,105247,43,1
500,105000,1,0
500,105128,2,0
500,105127,3,0
500,105126,4,0
500,105125,5,0
500,105124,6,0
500,105119,7,0
500,105164,8,0
500,105163,9,0
500,105342,10,0
500,105341,11,0
500,105242,12,0
500,105245,13,0
500,105241,14,0
500,105244,15,0
500,105240,16,0
500,105239,17,0
500,105238,18,0
500,105237,19,0
500,105236,20,0
500,105235,21,0
500,105234,22,0
500,105233,23,0
500,105232,24,0
500,105010,25,0
500,105068,26,0
500,105330,27,0
500,105331,28,0
500,105332,29,0
500,105333,30,0
500,105334,31,0
500,105335,32,0
500,105336,33,0
500,105337,34,0
500,105064,35,0
500,105322,36,0
500,105338,37,0
500,105339,38,0
500,105340,39,0
500,105061,40,0
500,105062,41,0
500,105081,42,0
500,105082,43,0
500,105246,44,0
500,105247,45,0
500,105013,46,0
500,105101,47,0
500,105145,48,0
500,105144,49,0
500,105138,50,0
500,105137,51,0
500,105133,52,0
500,105132,53,0
500,105131,54,0
500,105130,55,0
500,105129,56,0
500,105143,57,0
500,105209,58,0
500,105208,59,0
500,105094,60,1
1000,105016,1,0
1000,105076,2,0
1000,105219,3,0
1000,105218,4,0
1000,105217,5,0
1000,105216,6,0
1000,105215,7,0
1000,105214,8,0
1000,105213,9,0
1000,105212,10,0
1000,105211,11,0
1000,180022,12,0
1000,180055,13,0
1000,105209,14,0
1000,105208,15,0
1000,105094,16,0
1000,105002,17,1
1001,105002,1,0
1001,105093,2,0
1001,105092,3,0
1001,105091,4,0
1001,105090,5,0
1001,105207,6,0
1001,105206,7,0
1001,180026,8,0
1001,180025,9,0
1001,180024,10,0
1001,180021,11,0
1001,180019,12,0
1001,180020,13,0
1001,180018,14,0
1001,105220,15,0
1001,105101,16,0
1001,105016,17,1
1101,180032,1,0
1101,105013,2,0
1101,105101,3,0
1101,105102,4,0
1101,105103,5,0
1101,105104,6,0
1101,105301,7,0
1101,105302,8,0
1101,105303,9,0
1101,105304,10,0
1101,105305,11,0
1101,105306,12,0
1101,105307,13,0
1101,105308,14,0
1101,180036,15,0
1101,105309,16,0
1101,105310,17,0
1101,105312,18,0
1101,105311,19,0
1101,105313,20,0
1101,105314,21,0
1101,105315,22,0
1101,105316,23,0
1101,105317,24,0
1101,105318,25,0
1101,105319,26,0
1101,105320,27,0
1101,105321,28,0
1101,105108,29,0
1101,105109,30,0
1101,105110,31,0
1101,105111,32,0
1101,105112,33,0
1101,105064,34,0
1101,105322,35,0
1101,105323,36,0
1101,105324,37,0
1101,105325,38,0
1101,105326,39,0
1101,105327,40,0
1101,105328,41,0
1101,105329,42,0
1101,105220,43,1
1200,180032,1,0
1200,105411,2,0
1200,105006,3,0
1200,105249,4,0
1200,105250,5,0
1200,105251,6,0
1200,105252,7,0
1200,105253,8,0
1200,105254,9,0
1200,105255,10,0
1200,105256,11,0
1200,105257,12,0
1200,800033,13,0
1200,105290,14,0
1200,105281,15,0
1200,105291,16,0
1200,105292,17,0
1200,105293,18,0
1200,105294,19,0
1200,105295,20,0
1200,105393,21,0
1200,105392,22,0
1200,105390,23,0
1200,180057,24,0
1200,105389,25,0
1200,105388,26,0
1200,105387,27,0
1200,105386,28,0
1200,105385,29,0
1200,105384,30,0
1200,105383,31,0
1200,105382,32,0
1200,105381,33,0
1200,105380,34,0
1200,105262,35,0
1200,105288,36,0
1200,105261,37,0
1200,105289,38,0
1200,105260,39,0
1200,105019,40,0
1200,105114,41,0
1200,105007,51,0
1200,105028,52,0
1200,105212,53,1
1500,105017,1,0
1500,105064,2,0
1500,180001,3,0
1500,105066,4,0
1500,180061,5,0
1500,105026,6,0
1500,105069,7,0
1500,105071,8,0
1500,105070,9,0
1500,105072,10,0
1500,105073,11,0
1500,105075,12,0
1500,105074,13,0
1500,105136,14,0
1500,105135,15,0
1500,105134,16,0
1500,105100,17,0
1500,105098,18,0
1500,105097,19,0
1500,105096,20,0
1500,105095,21,0
1500,105094,22,0
1500,105002,23,1
1501,105002,1,0
1501,180035,2,0
1501,105091,3,0
1501,105090,4,0
1501,105089,5,0
1501,105088,6,0
1501,105087,7,0
1501,105086,8,0
1501,105085,9,0
1501,105084,10,0
1501,105003,11,0
1501,105083,12,0
1501,105080,13,0
1501,105079,14,0
1501,105078,15,0
1501,105077,16,0
1501,105113,17,0
1501,105017,18,1
1601,105017,1,0
1601,105060,2,0
1601,180002,3,0
1601,105006,4,0
1601,105379,5,0
1601,105378,6,0
1601,105372,7,0
1601,105371,8,0
1601,105370,9,0
1601,105369,10,0
1601,105368,11,0
1601,105049,12,0
1601,105050,13,0
1601,105051,14,0
1601,105052,15,0
1601,105053,16,0
1601,105054,17,0
1601,105056,18,0
1601,105065,19,0
1601,105067,20,0
1601,105249,21,0
1601,105250,22,0
1601,105251,23,0
1601,105252,24,0
1601,105253,25,0
1601,105254,26,0
1601,105255,27,0
1601,105256,28,0
1601,105007,29,0
1601,105058,30,0
1601,105059,31,1
1900,105017,1,0
1900,105060,2,0
1900,180002,3,0
1900,105006,4,0
1900,105379,5,0
1900,105378,6,0
1900,105377,7,0
1900,105376,8,0
1900,105375,9,0
1900,105374,10,0
1900,105373,11,0
1900,105259,12,0
1900,105019,13,0
1900,105114,14,0
1900,105007,15,0
1900,105058,16,0
1900,105059,17,1
4600,105002,1,0
4600,105037,2,0
4600,105032,3,0
4600,105267,4,0
4600,105036,5,0
4600,105403,6,0
4600,105274,7,0
4600,105273,8,0
4600,180030,9,0
4600,105405,10,0
4600,105271,11,0
4600,105408,12,0
4600,105409,13,0
4600,105039,14,0
4600,105040,15,0
4600,105099,16,0
4600,105046,17,0
4600,105045,18,0
4600,105241,19,0
4600,105044,20,0
4600,105048,21,0
4600,105047,22,0
4600,105287,23,0
4600,105286,24,0
4600,105237,25,0
4600,105236,26,0
4600,105235,27,0
4600,105234,28,0
4600,105233,29,0
4600,105232,30,0
4600,105010,31,0
4600,105285,32,0
4600,105283,33,0
4600,180051,34,0
4600,105021,35,0
4600,105023,36,0
4600,105004,37,0
4600,105069,38,0
4600,105071,39,0
4600,105070,40,0
4600,105072,41,0
4600,105027,42,0
4600,105028,43,0
4600,105030,44,0
4600,105029,45,0
4600,105074,46,0
4600,105136,47,0
4600,105135,48,0
4600,105134,49,0
4600,180003,50,0
4600,105031,51,0
4600,105097,52,0
4600,105096,53,0
4600,105095,54,0
4600,105094,55,1
4701,105002,1,0
4701,180035,2,0
4701,105091,3,0
4701,105264,4,0
4701,105263,5,0
4701,105411,6,0
4701,105410,7,0
4701,105088,8,0
4701,105087,9,0
4701,105086,10,0
4701,105085,11,0
4701,105084,12,0
4701,105005,13,0
4701,105038,14,0
4701,105022,15,0
4701,180027,16,0
4701,105282,17,0
4701,105010,18,0
4701,105068,19,0
4701,105330,20,0
4701,105331,21,0
4701,105231,22,0
4701,105243,23,0
4701,105230,24,0
4701,105229,25,0
4701,105228,26,0
4701,105227,27,0
4701,105226,28,0
4701,105280,29,0
4701,105048,30,0
4701,105224,31,0
4701,105279,32,0
4701,105276,33,0
4701,105277,34,0
4701,105278,35,0
4701,105043,36,0
4701,105275,37,0
4701,105274,38,0
4701,105273,39,0
4701,180030,40,0
4701,105405,41,0
4701,105271,42,0
4701,105270,43,0
4701,105269,44,0
4701,105033,45,0
4701,105266,46,0
4701,105265,47,0
4701,105000,48,0
4701,105134,49,0
4701,105100,50,0
4701,105098,51,0
4701,105097,52,0
4701,105096,53,0
4701,105095,54,0
4701,105094,55,1
5501,105001,1,0
5501,180023,2,0
5501,180009,3,0
5501,180011,4,0
5501,180010,5,0
5501,105161,6,0
5501,105142,7,0
5501,105141,8,0
5501,105140,9,0
5501,105122,10,0
5501,105121,11,0
5501,105182,12,0
5501,180005,13,0
5501,105013,14,0
5501,105101,15,0
5501,105102,16,0
5501,105103,17,0
5501,105104,18,0
5501,105105,19,0
5501,105106,20,0
5501,105107,21,0
5501,105120,22,0
5501,180004,23,0
5501,105362,24,0
5501,105361,25,0
5501,105077,26,0
5501,105191,27,0
5501,180013,28,0
5501,180012,29,0
5501,105160,30,0
5501,105024,31,0
5501,105025,32,0
5501,105233,33,0
5501,105232,34,0
5501,105011,35,0
5501,105068,36,0
5501,105330,37,0
5501,105331,38,0
5501,105231,39,0
5501,105243,40,0
5501,105230,41,0
5501,105229,42,0
5501,105228,43,0
5501,105227,44,0
5501,105226,45,0
5501,105225,46,0
5501,105244,47,0
5501,105240,48,0
5501,105239,49,0
5501,105224,50,0
5501,105223,51,0
5501,105222,52,0
5501,105221,53,0
5501,180017,54,0
5501,180016,55,0
5501,180015,56,0
5501,180006,57,0
5501,105162,58,0
5501,180008,59,0
5501,180007,60,0
5501,105136,61,0
5501,105135,62,1
8801,105008,1,0
8801,105203,2,0
8801,105521,3,0
8801,105522,4,0
8801,105523,5,0
8801,105524,6,0
8801,105525,7,0
8801,105425,8,0
8801,105426,9,0
8801,105428,10,0
8801,105427,11,0
8801,105430,12,0
8801,105431,13,0
8801,105429,14,0
8801,105013,15,0
8801,105076,16,0
8801,180058,17,0
8801,180059,18,0
8801,105005,19,0
8801,105038,20,0
8801,105022,21,0
8801,180027,22,0
8801,105282,23,0
8801,105010,24,0
8801,105449,25,0
8801,105450,26,0
8801,105451,27,0
8801,105280,28,0
8801,105444,29,0
8801,105441,30,0
8801,105424,31,0
8801,105432,32,0
8801,105437,33,0
8801,105435,34,0
8801,180002,35,0
8801,105006,36,0
8801,105379,37,0
8801,105378,38,0
8801,105377,39,0
8801,105376,40,0
8801,105375,41,0
8801,105374,42,0
8801,105373,43,0
8801,105259,44,0
8801,105290,45,0
8801,105281,46,0
8801,105820,47,0
8801,105019,48,1
8900,105019,1,0
8900,105114,2,0
8900,105007,3,0
8900,105434,4,0
8900,105436,5,0
8900,105438,6,0
8900,105439,7,0
8900,105440,8,0
8900,105442,9,0
8900,105443,10,0
8900,105286,11,0
8900,105445,12,0
8900,105446,13,0
8900,105447,14,0
8900,105488,15,0
8900,105011,16,0
8900,105285,17,0
8900,105283,18,0
8900,180051,19,0
8900,105021,20,0
8900,105023,21,0
8900,105026,22,0
8900,105014,23,0
8900,105101,24,0
8900,105511,25,0
8900,105512,26,0
8900,105180,27,0
8900,105188,28,0
8900,105187,29,0
8900,105186,30,0
8900,105185,31,0
8900,105184,32,0
8900,105183,33,0
8900,105812,34,0
8900,105181,35,0
8900,105173,36,0
8900,105398,37,0
8900,105399,38,0
8900,105394,39,0
8900,105400,40,0
8900,105401,41,0
8900,105454,42,0
8900,105008,43,1
9100,105014,1,0
9100,105101,2,0
9100,105412,3,0
9100,105413,4,0
9100,105414,5,0
9100,180053,6,0
9100,105417,7,0
9100,105418,8,0
9100,105415,9,0
9100,105416,10,0
9100,105419,11,0
9100,105149,12,0
9100,105148,13,0
9100,105151,14,0
9100,105176,15,0
9100,105157,16,0
9100,105174,17,0
9100,105170,18,0
9100,105166,19,0
9100,105171,20,0
9100,105173,21,0
9100,105398,22,0
9100,105399,23,0
9100,105394,24,0
9100,105400,25,0
9100,105401,26,0
9100,105454,27,0
9100,105008,28,1
9101,105008,1,0
9101,105193,2,0
9101,105192,3,0
9101,180014,4,0
9101,105190,5,0
9101,105197,6,0
9101,105198,7,0
9101,105199,8,0
9101,105200,9,0
9101,105201,10,0
9101,105202,11,0
9101,105518,12,0
9101,105517,13,0
9101,105519,14,0
9101,105520,15,0
9101,180037,16,0
9101,105178,17,0
9101,105500,18,0
9101,105501,19,0
9101,105502,20,0
9101,105503,21,0
9101,105507,22,0
9101,105509,23,0
9101,105510,24,0
9101,105419,25,0
9101,105420,26,0
9101,105421,27,0
9101,105422,28,0
9101,105395,29,0
9101,180054,30,0
9101,105396,31,0
9101,105139,32,0
9101,105397,33,0
9101,105014,34,1
9601,105014,1,0
9601,105101,2,0
9601,105412,3,0
9601,105413,4,0
9601,105414,5,0
9601,180053,6,0
9601,105417,7,0
9601,105418,8,0
9601,105415,9,0
9601,105416,10,0
9601,105419,11,0
9601,105149,12,0
9601,105402,13,0
9601,105159,14,0
9601,180060,15,0
9601,105398,16,0
9601,105399,17,0
9601,105394,18,0
9601,105400,19,0
9601,105401,20,0
9601,105504,21,0
9601,105505,22,0
9601,105506,23,0
9601,105507,24,0
9601,105509,25,0
9601,105510,26,0
9601,105148,27,0
9601,105151,28,0
9601,105176,29,0
9601,105157,30,0
9601,105152,31,0
9601,105175,32,0
9601,105154,33,0
9601,105172,34,0
9601,105155,35,0
9601,105174,36,0
9601,105170,37,0
9601,105166,38,0
9601,105171,39,0
9601,105173,40,0
9601,105147,41,0
9601,105177,42,0
9601,105169,43,0
9601,105500,44,0
9601,105501,45,0
9601,105502,46,0
9601,105503,47,0
9601,105420,48,0
9601,105421,49,0
9601,105422,50,0
9601,105395,51,0
9601,180054,52,0
9601,105396,53,0
9601,105139,54,0
9601,105397,55,1
9701,105014,1,0
9701,105101,2,0
9701,105511,3,0
9701,105512,4,0
9701,105180,5,0
9701,105188,6,0
9701,105187,7,0
9701,105186,8,0
9701,105185,9,0
9701,105184,10,0
9701,105183,11,0
9701,105812,12,0
9701,105181,13,0
9701,105189,14,0
9701,105196,15,0
9701,105195,16,0
9701,105194,17,0
9701,105193,18,0
9701,105192,19,0
9701,180014,20,0
9701,105190,21,0
9701,105197,22,0
9701,105198,23,0
9701,105199,24,0
9701,105200,25,0
9701,105201,26,0
9701,105202,27,0
9701,105177,28,0
9701,105169,29,0
9701,105500,30,0
9701,105501,31,0
9701,105502,32,0
9701,105454,33,0
9701,105008,34,0
9701,180033,35,0
9701,180045,36,0
9701,180046,37,0
9701,180047,38,0
9701,180048,39,0
9701,180049,40,0
9701,180050,41,0
9701,105203,42,0
9701,105204,43,0
9701,105205,44,0
9701,180000,45,0
9701,105514,46,0
9701,105513,47,0
9701,105515,48,0
9701,105516,49,0
9701,105521,50,0
9701,105522,51,0
9701,105523,52,0
9701,105524,53,0
9701,105525,54,0
9701,105425,55,0
9701,105429,56,1
10500,105011,1,0
10500,180044,2,0
10500,105014,3,0
10500,105137,4,0
10500,105209,5,0
10500,105001,6,1
10501,105001,1,0
10501,105161,2,0
10501,105121,3,0
10501,105016,4,0
10501,180051,5,0
10501,105011,6,1
