'2665',1500,90600,,'',0,10000,,'',0,10000,,'',0,10000,,'',0,10000,,'',0,10000,,'',0,10000,,'',0,10000,,'',0,10000,,'',0,10000,,'',0
'2665',1501,90000,4,'',0,10000,4,'',0,10000,4,'',0,10000,4,'',0,10000,4,'',0,10000,4,'',0,10000,4,'',0,10000,4,'',0,10000,4,'',0,10000,4,'',0,10000,4,'',0
'2666',1500,70600,,'',0,3000,,'',0,7000,,'',0,3000,,'',0,7000,,'',0,3000,,'',0,7000,,'',0,3000,,'',0,7000,,'',0,3000,,'',0,7000,,'',0,3000,,'',0,7000,,'',0,3000,,'',0,7000,,'',0,3000,,'',0,7000,,'',0,3000,,'',0,7000,,'',0,3000,,'',0,7000,,'',0,3000,,'',0,7000,,'',0,3000,,'',0,7000,,'',0,3000,,'',0,7000,,'',0,3000,,'',0,7000,,'',0,3000,,'',0,7000,,'',0
'2666',1501,70000,4,'',0,3000,4,'',0,7000,4,'',0,3000,4,'',0,7000,4,'',0,3000,4,'',0,7000,4,'',0,3000,4,'',0,7000,4,'',0,3000,4,'',0,7000,4,'',0,3000,4,'',0,7000,4,'',0,3000,4,'',0,7000,4,'',0,3000,4,'',0,7000,4,'',0,3000,4,'',0,7000,4,'',0,3000,4,'',0,7000,4,'',0,3000,4,'',0,7000,4,'',0,3000,4,'',0,7000,4,'',0,3000,4,'',0,7000,4,'',0,3000,4,'',0,10000,4,'',0,10000,4,'',0
'2669',1500,80600,,'',0,10000,,'',0,10000,,'',0,3000,,'',0,7000,,'',0,3000,,'',0,7000,,'',0,3000,,'',0,7000,,'',0,3000,,'',0,7000,,'',0,3000,,'',0,7000,,'',0,3000,,'',0,7000,,'',0,2900,,'',0,7100,,'',0,3000,,'',0,7000,,'',0,10000,,'',0,10000,,'',0,10000,,'',0,10200,,'',0
'2669',1501,80000,4,'',0,10000,4,'',0,10000,4,'',0,10000,4,'',0,3000,4,'',0,7000,4,'',0,3000,4,'',0,7000,4,'',0,3000,4,'',0,7000,4,'',0,3000,4,'',0,7000,4,'',0,3000,4,'',0,7000,4,'',0,3000,4,'',0,7000,4,'',0,3000,4,'',0,7000,4,'',0,10000,4,'',0,10000,4,'',0,10000,4,'',0,10000,4,'',0,10000,4,'',0
'2665',1601,93000,,'',0,7400,4,'',0,2600,,'',0,7400,4,'',0,2600,,'',0,7400,4,'',0,2600,,'',0,7400,4,'',0,2600,,'',0,7400,4,'',0,2600,,'',0,7400,4,'',0,2600,,'',0,7400,4,'',0,2600,,'',0,7400,4,'',0,2600,,'',0,7400,4,'',0
'2666',1601,70000,,'',0,400,4,'',0,2600,,'',0,400,4,'',0,6600,,'',0,400,4,'',0,2600,,'',0,400,4,'',0,6600,,'',0,400,4,'',0,2600,,'',0,400,4,'',0,6600,,'',0,400,4,'',0,2600,,'',0,400,4,'',0,6600,,'',0,400,4,'',0,2600,,'',0,400,4,'',0,6600,,'',0,400,4,'',0,2600,,'',0,400,4,'',0,6600,,'',0,400,4,'',0,2600,,'',0,400,4,'',0,6600,,'',0,400,4,'',0,2600,,'',0,400,4,'',0,6600,,'',0,400,4,'',0,2600,,'',0,400,4,'',0,6600,,'',0,400,4,'',0,2600,,'',0,400,4,'',0,6600,,'',0,400,4,'',0,2600,,'',0,400,4,'',0,6600,,'',0,400,4,'',0,2600,,'',0,400,4,'',0,6600,,'',0,400,4,'',0,3000,4,'',0,6600,,'',0,3000,,'',0,400,4,'',0,7000,4,'',0,2600,,'',0,7400,4,'',0
'2669',1601,80400,4,'',0,2600,,'',0,7400,4,'',0,2600,,'',0,7000,,'',0,400,4,'',0,2600,,'',0,400,4,'',0,6600,,'',0,400,4,'',0,2600,,'',0,400,4,'',0,6600,,'',0,400,4,'',0,2600,,'',0,400,4,'',0,6600,,'',0,400,4,'',0,2600,,'',0,400,4,'',0,6600,,'',0,400,4,'',0,2600,,'',0,400,4,'',0,6600,,'',0,400,4,'',0,2600,,'',0,400,4,'',0,6600,,'',0,400,4,'',0,2600,,'',0,400,4,'',0,7000,4,'',0,2600,,'',0,7400,4,'',0,2600,,'',0,7400,4,'',0,2600,,'',0,7400,4,'',0,2600,,'',0,7400,4,'',0,2600,,'',0,7000,,'',0,400,4,'',0,2600,4,'',0
'2665',1900,90000,,'',0,2900,4,'',0,7100,,'',0,2900,4,'',0,7100,,'',0,2900,4,'',0,7100,,'',0,2900,4,'',0,7100,,'',0,2900,4,'',0,7100,,'',0,2900,4,'',0,7100,,'',0,2900,4,'',0,7100,,'',0,2900,4,'',0,7100,,'',0,2900,4,'',0,7100,,'',0,2900,4,'',0
'2669',1900,80000,,'',0,2900,4,'',0,7100,,'',0,2900,4,'',0,77100,,'',0,2900,4,'',0,7100,,'',0,2900,4,'',0,7100,,'',0,2900,4,'',0,7100,,'',0,2900,4,'',0,7100,,'',0,2900,4,'',0
