'PRG2309-PRG2309-Saturday-07',5501,81300,4,'',0,900,,'',0,9900,4,'',0,100,,'',0,9900,4,'',0,100,,'',0,9900,4,'',0,100,,'',0,9900,4,'',0,100,,'',0,9900,4,'',0,100,,'',0,9900,4,'',0,100,,'',0,9900,4,'',0,100,,'',0,9900,4,'',0,100,,'',0,9900,4,'',0,100,,'',0,9900,4,'',0,100,,'',0,9900,4,'',0,100,,'',0,9900,4,'',0,100,,'',0,9900,4,'',0,100,,'',0,9900,4,'',0
'PRG2309-PRG2309-Sunday-19',5501,82200,,'',0,9900,4,'',0,100,,'',0,9900,4,'',0,100,,'',0,9900,4,'',0,100,,'',0,9900,4,'',0,100,,'',0,9900,4,'',0,100,,'',0,9900,4,'',0,100,,'',0,9900,4,'',0,100,,'',0,9900,4,'',0,100,,'',0,9900,4,'',0,100,,'',0,9900,4,'',0,100,,'',0,9900,4,'',0
'PRG2309-PRG2309-Sunday-22',5501,82200,,'',0,9900,4,'',0,100,,'',0,9900,4,'',0,100,,'',0,9900,4,'',0,100,,'',0,9900,4,'',0,100,,'',0,9900,4,'',0,100,,'',0,9900,4,'',0,100,,'',0,9900,4,'',0,100,,'',0,9900,4,'',0,100,,'',0,9900,4,'',0,100,,'',0,9900,4,'',0,100,,'',0,9900,4,'',0,100,,'',0,9900,4,'',0,100,,'',0,9900,4,'',0,100,,'',0,9900,4,'',0,100,,'',0,9900,4,'',0,100,,'',0,9900,4,'',0,100,,'',0,9900,4,'',0,100,,'',0,9900,4,'',0,100,,'',0
'PRG2309-PRG2309-Sunday-23',5501,82200,,'',0,9900,4,'',0,100,,'',0,9900,4,'',0,100,,'',0,9900,4,'',0,100,,'',0,9900,4,'',0,100,,'',0,9900,4,'',0,100,,'',0,9900,4,'',0,100,,'',0,9900,4,'',0,100,,'',0,9900,4,'',0,100,,'',0,9900,4,'',0,100,,'',0,9900,4,'',0,100,,'',0,9900,4,'',0
'PRG2309-PRG2309-Weekday-13',5501,73200,,'',0,1900,4,'',0,100,,'',0,7900,4,'',0,100,,'',0,1900,4,'',0,100,,'',0,7900,4,'',0,2000,4,'',0,100,,'',0,9900,4,'',0,100,,'',0,9900,4,'',0,100,,'',0,9900,4,'',0,100,,'',0,9900,4,'',0,100,,'',0,9900,4,'',0,100,,'',0,9900,4,'',0,100,,'',0,7300,4,'',0,100,,'',0,2500,4,'',0,100,,'',0,7300,4,'',0,100,,'',0,2500,4,'',0,100,,'',0,7300,4,'',0,100,,'',0,2500,4,'',0,100,,'',0,7300,4,'',0,2600,4,'',0,100,,'',0,9900,4,'',0,100,0,'Foothills',0
'PRG2309-PRG2309-Weekday-14',5501,73200,,'',0,1900,4,'',0,100,,'',0,7900,4,'',0,100,,'',0,1900,4,'',0,100,,'',0,7900,4,'',0,2000,4,'',0,100,,'',0,9900,4,'',0,100,,'',0,9900,4,'',0,100,,'',0,9900,4,'',0,100,,'',0,9900,4,'',0,100,,'',0,9900,4,'',0,100,,'',0,9900,4,'',0,100,,'',0,7300,4,'',0,100,,'',0,2500,4,'',0,100,,'',0,7300,4,'',0,100,,'',0,2500,4,'',0,100,,'',0,7300,4,'',0,100,,'',0,2500,4,'',0,100,,'',0,7300,4,'',0,2600,4,'',0,100,,'',0,9900,4,'',0,100,0,'Foothills',0
'PRG2309-PRG2309-Weekday-13',10500,80400,4,'',0,5000,4,'',0,9000,4,'',0,9000,4,'',0,9000,4,'',0,9000,4,'',0,9000,4,'',0,5000,4,'',0,9000,4,'',0,9000,4,'',0,9000,4,'',0,9000,4,'',0
'PRG2309-PRG2309-Weekday-13',10501,71800,,'',0,9000,,'',0,5000,,'',0,9000,,'',0,9000,,'',0,9000,,'',0,9000,,'',0,9000,,'',0,5000,,'',0,9000,,'',0,9000,,'',0,9000,,'',0,9000,,'',0
'PRG2309-PRG2309-Weekday-14',10500,80400,4,'',0,5000,4,'',0,9000,4,'',0,9000,4,'',0,9000,4,'',0,9000,4,'',0,9000,4,'',0,5000,4,'',0,9000,4,'',0,9000,4,'',0,9000,4,'',0,9000,4,'',0
'PRG2309-PRG2309-Weekday-14',10501,71800,,'',0,9000,,'',0,5000,,'',0,9000,,'',0,9000,,'',0,9000,,'',0,9000,,'',0,9000,,'',0,5000,,'',0,9000,,'',0,9000,,'',0,9000,,'',0,9000,,'',0
