'PRG2309-PRG2309-Saturday-09',1500,80000,,'',0,10000,,'',0,10000,,'',0,1700,,'',0,3000,,'',0,7000,,'',0,3000,,'',0,7000,,'',0,3000,,'',0,7000,,'',0,3000,,'',0,7000,,'',0,3000,,'',0,7000,,'',0,3000,,'',0,7000,,'',0,3000,,'',0,7000,,'',0,3000,,'',0,7000,,'',0,3000,,'',0,10000,,'',0,7400,,'',0,9400,,'',0,8700,,'',0,10000,,'',0,11000,,'',0,11000,,'',0,11000,,'',0
'PRG2309-PRG2309-Saturday-09',1501,75300,4,'',0,15500,4,'',0,10000,4,'',0,10000,4,'',0,3000,4,'',0,7000,4,'',0,3000,4,'',0,7000,4,'',0,3000,4,'',0,7000,4,'',0,3000,4,'',0,7000,4,'',0,3000,4,'',0,7000,4,'',0,3000,4,'',0,7000,4,'',0,3000,4,'',0,7000,4,'',0,3000,4,'',0,7000,4,'',0,3000,4,'',0,7000,4,'',0,4700,4,'',0,8300,4,'',0,8300,4,'',0,8700,4,'',0,10000,4,'',0,11000,4,'',0,11000,4,'',0,11000,4,'',0
'PRG2309-PRG2309-Sunday-21',1500,83000,,'',0,7000,,'',0,4500,,'',0,8500,,'',0,8500,,'',0,8500,,'',0,4500,,'',0,8500,,'',0,8500,,'',0,8500,,'',0,4500,,'',0,8500,,'',0,8500,,'',0,8500,,'',0
'PRG2309-PRG2309-Sunday-21',1501,90800,4,'',0,4500,4,'',0,8500,4,'',0,8500,4,'',0,8500,4,'',0,4500,4,'',0,8500,4,'',0,8500,4,'',0,8500,4,'',0,4500,4,'',0,8500,4,'',0,8500,4,'',0,8500,4,'',0,10000,4,'',0
'PRG2309-PRG2309-Weekday-12',1500,70000,,'',0,1700,,'',0,3000,,'',0,7000,,'',0,3000,,'',0,7000,,'',0,3000,,'',0,7000,,'',0,3000,,'',0,7000,,'',0,3000,,'',0,7000,,'',0,3000,,'',0,7000,,'',0,3000,,'',0,7000,,'',0,3000,,'',0,7000,,'',0,3000,,'',0,7000,,'',0,3000,,'',0,7000,,'',0,3000,,'',0,7000,,'',0,3000,,'',0,7000,,'',0,3000,,'',0,7000,,'',0,3000,,'',0,7000,,'',0,8600,,'',0
'PRG2309-PRG2309-Weekday-12',1501,70900,4,'',0,2900,4,'',0,7000,4,'',0,3000,4,'',0,7000,4,'',0,3000,4,'',0,7000,4,'',0,3000,4,'',0,7000,4,'',0,3000,4,'',0,7000,4,'',0,3000,4,'',0,7000,4,'',0,3000,4,'',0,7000,4,'',0,3000,4,'',0,7000,4,'',0,3000,4,'',0,7000,4,'',0,3000,4,'',0,7000,4,'',0,3000,4,'',0,7000,4,'',0,3000,4,'',0,7000,4,'',0,3000,4,'',0,7000,4,'',0,3000,4,'',0,8700,4,'',0,10000,4,'',0
'PRG2309-PRG2309-Weekday-12-0000100',1500,231400,,'',0,11000,,'',0,11000,,'',0
'PRG2309-PRG2309-Weekday-12-0000100',1501,231100,4,'',0,11000,4,'',0,11000,4,'',0,11000,4,'',0
'PRG2309-PRG2309-Saturday-09',1601,75900,4,'',0,6600,,'',0,3400,4,'',0,8100,,'',0,7000,,'',0,400,4,'',0,2600,,'',0,400,4,'',0,6600,,'',0,400,4,'',0,2600,,'',0,400,4,'',0,6600,,'',0,400,4,'',0,2600,,'',0,400,4,'',0,6600,,'',0,400,4,'',0,2600,,'',0,400,4,'',0,6600,,'',0,400,4,'',0,2600,,'',0,400,4,'',0,6600,,'',0,400,4,'',0,2600,,'',0,400,4,'',0,6600,,'',0,400,4,'',0,2600,,'',0,400,4,'',0,7000,4,'',0,2600,,'',0,7400,4,'',0,2600,,'',0,7400,4,'',0,3100,,'',0,7400,4,'',0,2000,,'',0,7400,4,'',0,1300,,'',0,7400,4,'',0,2300,,'',0,3400,4,'',0
'PRG2309-PRG2309-Sunday-21',1601,90900,,'',0,3400,4,'',0,9600,,'',0,7400,4,'',0,9600,,'',0,3400,4,'',0,9600,,'',0,7400,4,'',0,9600,,'',0,3400,4,'',0,9600,,'',0,7400,4,'',0,9600,,'',0,3400,4,'',0
'PRG2309-PRG2309-Weekday-12',1601,71000,,'',0,400,4,'',0,2600,,'',0,400,4,'',0,6600,,'',0,400,4,'',0,2600,,'',0,400,4,'',0,6600,,'',0,400,4,'',0,2600,,'',0,400,4,'',0,6600,,'',0,400,4,'',0,2600,,'',0,400,4,'',0,6600,,'',0,400,4,'',0,2600,,'',0,400,4,'',0,6600,,'',0,400,4,'',0,2600,,'',0,400,4,'',0,6600,,'',0,400,4,'',0,2600,,'',0,400,4,'',0,6600,,'',0,400,4,'',0,2600,,'',0,400,4,'',0,6600,,'',0,400,4,'',0,2600,,'',0,400,4,'',0,6600,,'',0,400,4,'',0,2600,,'',0,400,4,'',0,6600,,'',0,400,4,'',0,2600,,'',0,400,4,'',0,6600,,'',0,400,4,'',0,2600,,'',0,400,4,'',0,6600,,'',0,400,4,'',0,2600,,'',0,400,4,'',0,6600,,'',0,400,4,'',0,2600,,'',0,400,4,'',0,7000,4,'',0,1300,,'',0,7400,4,'',0
'PRG2309-PRG2309-Saturday-09',1900,75500,,'',0,6900,4,'',0,8600,,'',0,2900,4,'',0,77100,,'',0,2900,4,'',0,7100,,'',0,2900,4,'',0,7600,,'',0,2900,4,'',0,6600,,'',0,2900,4,'',0,1800,,'',0,6900,4,'',0
'PRG2309-PRG2309-Sunday-21',1900,83000,,'',0,2900,4,'',0,14100,,'',0,2900,4,'',0,10100,,'',0,2900,4,'',0,14100,,'',0,2900,4,'',0,10100,,'',0,2900,4,'',0,14100,,'',0,2900,4,'',0,10100,,'',0,2900,4,'',0
