'2384',500,70800,4,'',0,2500,4,'',0,300,0,'Downtown',0,6500,4,'',0,3200,4,'',0,300,0,'Downtown',0,6500,4,'',0,3200,4,'',0,300,0,'Downtown',0,9700,4,'',0,300,0,'Downtown',0,9700,4,'',0,300,0,'Downtown',0,9700,4,'',0,300,0,'Downtown',0,9700,4,'',0,300,0,'Downtown',0,9700,4,'',0,300,0,'Downtown',0,9700,4,'',0,300,0,'Downtown',0,6700,4,'',0,300,0,'Downtown',0,2700,4,'',0,300,0,'Downtown',0,6700,4,'',0,300,0,'Downtown',0,2700,4,'',0,300,0,'Downtown',0,6700,4,'',0,300,0,'Downtown',0,2700,4,'',0,300,0,'Downtown',0,9700,4,'',0,300,0,'Downtown',0,9700,4,'',0,300,0,'Downtown',0,9700,4,'',0,300,0,'Downtown',0,9700,4,'',0,300,0,'Downtown',0
'2386',500,73500,4,'',0,300,0,'Downtown',0,9500,4,'',0,300,0,'Downtown',0,9700,4,'',0,300,0,'Downtown',0,9700,4,'',0,300,0,'Downtown',0,9700,4,'',0,300,0,'Downtown',0,9700,4,'',0,300,0,'Downtown',0,9700,4,'',0,300,0,'Downtown',0,9700,4,'',0,300,0,'Downtown',0,9700,4,'',0,300,0,'Downtown',0,9700,4,'',0,300,0,'Downtown',0,9700,4,'',0,300,0,'Downtown',0,9700,4,'',0,300,0,'Downtown',0,9700,4,'',0,300,0,'Downtown',0,9700,4,'',0,300,0,'Downtown',0,9700,4,'',0,300,0,'Downtown',0
'2666',500,70800,4,'',0,2500,4,'',0,300,0,'Downtown',0,6500,4,'',0,3200,4,'',0,300,0,'Downtown',0,6500,4,'',0,3200,4,'',0,300,0,'Downtown',0,9700,4,'',0,300,0,'Downtown',0,9700,4,'',0,300,0,'Downtown',0,9700,4,'',0,300,0,'Downtown',0,9700,4,'',0,300,0,'Downtown',0,9700,4,'',0,300,0,'Downtown',0,9700,4,'',0,300,0,'Downtown',0,6700,4,'',0,300,0,'Downtown',0,2700,4,'',0,300,0,'Downtown',0,6700,4,'',0,300,0,'Downtown',0,2700,4,'',0,300,0,'Downtown',0,6700,4,'',0,300,0,'Downtown',0,2700,4,'',0,300,0,'Downtown',0,9700,4,'',0,300,0,'Downtown',0,9700,4,'',0,300,0,'Downtown',0,9700,4,'',0,300,0,'Downtown',0,9700,4,'',0,300,0,'Downtown',0
'2669',500,73500,4,'',0,300,0,'Downtown',0,9500,4,'',0,300,0,'Downtown',0,9700,4,'',0,300,0,'Downtown',0,9700,4,'',0,300,0,'Downtown',0,9700,4,'',0,300,0,'Downtown',0,9700,4,'',0,300,0,'Downtown',0,9700,4,'',0,300,0,'Downtown',0,9700,4,'',0,300,0,'Downtown',0,9700,4,'',0,300,0,'Downtown',0,9700,4,'',0,300,0,'Downtown',0,9700,4,'',0,300,0,'Downtown',0,9700,4,'',0,300,0,'Downtown',0,9700,4,'',0,300,0,'Downtown',0,9700,4,'',0,300,0,'Downtown',0,9700,4,'',0,300,0,'Downtown',0
'2275',4600,90900,,'',0,10000,,'',0,10000,,'',0,10000,,'',0,10000,,'',0,10000,,'',0,10000,,'',0,10000,,'',0,10000,,'',0,10000,,'',0,10000,,'',0
'2384',4600,73600,,'',0,10000,,'',0,10000,,'',0,10000,,'',0,10000,,'',0,10000,,'',0,10000,,'',0,10000,,'',0,10000,,'',0,10000,,'',0,10000,,'',0,10000,,'',0,10000,,'',0,10000,,'',0
'2386',4600,80900,,'',0,10000,,'',0,10000,,'',0,10000,,'',0,10000,,'',0,10000,,'',0,10000,,'',0,10000,,'',0,10000,,'',0,10000,,'',0,10000,,'',0,10000,,'',0,10000,,'',0,10000,0,'Parkwood',0
'2665',4600,90900,,'',0,10000,,'',0,10000,,'',0,10000,,'',0,10000,,'',0,10000,,'',0,10000,,'',0,10000,,'',0,10000,,'',0,10000,,'',0,10000,,'',0
'2666',4600,73600,,'',0,10000,,'',0,10000,,'',0,10000,,'',0,10000,,'',0,10000,,'',0,10000,,'',0,10000,,'',0,10000,,'',0,10000,,'',0,10000,,'',0,10000,,'',0,10000,,'',0,10000,,'',0
'2669',4600,80900,,'',0,10000,,'',0,10000,,'',0,10000,,'',0,10000,,'',0,10000,,'',0,10000,,'',0,10000,,'',0,10000,,'',0,10000,,'',0,10000,,'',0,10000,,'',0,10000,,'',0,10000,0,'Parkwood',0
'2384',4701,70700,0,'Downtown',0,10000,4,'',0,10000,4,'',0,10000,4,'',0,10000,4,'',0,10000,4,'',0,10000,4,'',0,10000,4,'',0,10000,4,'',0,10000,4,'',0,10000,4,'',0,10000,4,'',0,10000,4,'',0,10000,4,'',0
'2666',4701,70700,0,'Downtown',0,10000,4,'',0,10000,4,'',0,10000,4,'',0,10000,4,'',0,10000,4,'',0,10000,4,'',0,10000,4,'',0,10000,4,'',0,10000,4,'',0,10000,4,'',0,10000,4,'',0,10000,4,'',0,10000,4,'',0
'2275',8801,82700,,'',0,10000,,'',0,10000,,'',0,10000,,'',0,10000,,'',0,10000,,'',0,10000,,'',0,10000,,'',0,10000,,'',0,10000,,'',0,10000,,'',0,10000,,'',0
'2384',8801,65700,,'',0,7000,,'',0,3000,,'',0,7000,,'',0,3000,,'',0,7000,,'',0,3000,,'',0,7000,,'',0,3000,,'',0,7000,,'',0,3000,,'',0,7000,,'',0,3000,,'',0,7000,,'',0,3000,,'',0,7000,,'',0,3000,,'',0,7000,,'',0,3000,,'',0,7000,,'',0,3000,,'',0,7000,,'',0,3000,,'',0,7000,,'',0,3000,,'',0,7000,,'',0,3000,,'',0,10000,,'',0,10000,,'',0,9100,4,'',0
'2386',8801,72700,,'',0,10000,,'',0,10000,,'',0,3000,,'',0,7000,,'',0,3000,,'',0,7000,,'',0,3000,,'',0,7000,,'',0,3000,,'',0,7000,,'',0,3000,,'',0,7000,,'',0,3000,,'',0,7000,,'',0,3000,,'',0,7000,,'',0,10000,,'',0,10000,,'',0,10000,,'',0,10000,,'',0,10000,,'',0,10000,,'',0,9000,4,'',0
'2665',8801,82700,,'',0,10000,,'',0,10000,,'',0,10000,,'',0,10000,,'',0,10000,,'',0,10000,,'',0,10000,,'',0,10000,,'',0,10000,,'',0,10000,,'',0,10000,,'',0
'2666',8801,65700,,'',0,7000,,'',0,3000,,'',0,7000,,'',0,3000,,'',0,7000,,'',0,3000,,'',0,7000,,'',0,3000,,'',0,7000,,'',0,3000,,'',0,7000,,'',0,3000,,'',0,7000,,'',0,3000,,'',0,7000,,'',0,3000,,'',0,7000,,'',0,3000,,'',0,7000,,'',0,3000,,'',0,7000,,'',0,3000,,'',0,7000,,'',0,3000,,'',0,7000,,'',0,3000,,'',0,10000,,'',0,10000,,'',0,9100,4,'',0
'2669',8801,72700,,'',0,10000,,'',0,10000,,'',0,3000,,'',0,7000,,'',0,3000,,'',0,7000,,'',0,3000,,'',0,7000,,'',0,3000,,'',0,7000,,'',0,3000,,'',0,7000,,'',0,3000,,'',0,7000,,'',0,3000,,'',0,7000,,'',0,10000,,'',0,10000,,'',0,10000,,'',0,10000,,'',0,10000,,'',0,10000,,'',0,9000,4,'',0
'2386',16100,110600,,'',0
'2580',16100,110600,,'',0
'2668',16100,110600,,'',0
'2669',16100,110600,,'',0
