8801,'5101',650,,1871,1,,,0,100,,1870,1,,,0,100,,1866,1,,,0,100,,1860,1,,,0,100,,1861,1,,,0,70,,1880,1,,,0,30,,1862,1,,,0,70,,1879,1,,,0,30,,1863,1,,,0,70,,1876,1,,,0,30,,1864,1,,,0,70,,1877,1,,,0,30,,1859,1,,,0,70,,1878,1,,,0,30,,1865,1,,,0,70,,1881,1,,,0,30,,1867,1,,,0,100,,1868,1,,,0,100,,1869,1,,,0,100,,1872,1,,,0,100,,1873,1,,,0,100,,1874,1,,,0,100,,1875,1,0,5 6,0
8801,'5102',620,,1911,1,,,0,30,,1904,1,,,0,70,,1913,1,,,0,22,,1899,1,,,0,60,,1905,1,,,0,18,,1910,1,,,0,23,,1903,1,,,0,59,,1906,1,,,0,18,,1912,1,,,0,30,,1884,1,,,0,70,,1892,1,,,0,30,,1898,1,,,0,70,,1914,1,,,0,30,,1885,1,,,0,70,,1893,1,,,0,30,,1901,1,,,0,70,,1897,1,,,0,30,,1882,1,,,0,70,,1891,1,,,0,18,,1915,1,,,0,20,,1900,1,,,0,62,,1907,1,,,0,18,,1895,1,,,0,20,,1889,1,,,0,62,,1883,1,,,0,18,,1916,1,,,0,20,,1909,1,,,0,62,,1908,1,,,0,30,,1890,1,,,0,70,,1888,1,,,0,30,,1896,1,,,0,70,,1902,1,,,0,100,,1886,1,,,0,100,,1894,1,,,0,100,,1887,1,0,5 6,0
8801,'5105',650,,1917,1,,,0,70,,1941,1,,,0,30,,1919,1,,,0,70,,1940,1,,,0,30,,1921,1,,,0,70,,1936,1,,,0,30,,1922,1,,,0,70,,1938,1,,,0,30,,1918,1,,,0,70,,1937,1,,,0,30,,1924,1,,,0,70,,1939,1,,,0,30,,1925,1,,,0,70,,1934,1,,,0,30,,1923,1,,,0,70,,1944,1,,,0,30,,1926,1,,,0,70,,1935,1,,,0,30,,1927,1,,,0,70,,1942,1,,,0,30,,1920,1,,,0,70,,1943,1,,,0,30,,1929,1,,,0,100,,1930,1,,,0,100,,1931,1,,,0,100,,1928,1,,,0,100,,1932,1,,,0,100,,1933,1,0,5 6,0
8900,'5101',650,,1957,12,4,,0,100,,1965,12,4,,0,100,,1956,43,4,,0,100,,1954,43,4,,0,100,,1945,43,4,,0,100,,1947,43,4,,0,100,,1946,43,4,,0,70,,1966,43,4,,0,30,,1948,43,4,,0,70,,1964,43,4,,0,30,,1949,43,4,,0,70,,1962,43,4,,0,30,,1950,43,4,,0,70,,1963,43,4,,0,30,,1951,43,4,,0,70,,1967,43,4,,0,30,,1953,43,4,,0,100,,1955,43,4,,0,100,,1952,43,4,,0,100,,1959,43,4,,0,100,,1961,43,4,,0,100,,1958,43,4,,0
8900,'5102',620,,2001,12,4,,0,30,,1998,12,4,,0,70,,2000,21,4,,0,80,,1980,43,4,,0,20,,1997,43,4,,0,22,,1982,43,4,,0,59,,1987,43,4,,0,19,,1996,43,4,,0,22,,1983,43,4,,0,59,,1984,43,4,,0,19,,1971,43,4,,0,30,,1981,43,4,,0,70,,1991,43,4,,0,30,,1969,43,4,,0,70,,1970,43,4,,0,30,,1978,43,4,,0,70,,1994,43,4,,0,30,,1968,43,4,,0,70,,1973,43,4,,0,30,,1979,43,4,,0,70,,1993,43,4,,0,18,,2002,43,4,,0,19,,1972,43,4,,0,63,,1974,43,4,,0,18,,2003,43,4,,0,19,,1986,43,4,,0,63,,1992,43,4,,0,30,,1988,43,4,,0,70,,1977,43,4,,0,30,,1990,43,4,,0,70,,1985,43,4,,0,30,,1999,43,4,,0,70,,1976,43,4,,0,100,,1995,43,4,,0,100,,1975,43,4,,0
8900,'5105',650,,2020,12,4,,0,100,,2022,12,4,,0,70,,2031,43,4,,0,30,,2004,43,4,,0,70,,2030,43,4,,0,30,,2005,43,4,,0,70,,2029,43,4,,0,30,,2006,43,4,,0,70,,2026,43,4,,0,30,,2007,43,4,,0,70,,2025,43,4,,0,30,,2009,43,4,,0,70,,2021,43,4,,0,30,,2011,43,4,,0,70,,2023,43,4,,0,30,,2008,43,4,,0,70,,2024,43,4,,0,30,,2014,43,4,,0,70,,2027,43,4,,0,30,,2015,43,4,,0,70,,2028,43,4,,0,30,,2010,43,4,,0,70,,2032,43,4,,0,30,,2013,43,4,,0,70,,2033,43,4,,0,30,,2012,43,4,,0,100,,2016,43,4,,0,100,,2017,43,4,,0,100,,2018,43,4,,0
9100,'5101',828,,2044,29,4,,0,100,,2036,29,4,,0,100,,2034,29,4,,0,100,,2035,29,4,,0,100,,2037,29,4,,0,100,,2039,29,4,,0,100,,2041,29,4,,0,100,,2038,29,4,,0,100,,2040,29,4,,0,100,,2042,29,4,,0,100,,2043,29,4,,0
9100,'5102',728,,2045,29,4,,0,100,,2047,29,4,,0,100,,2048,29,4,,0,100,,2051,29,4,,0,100,,2046,29,4,,0,100,,2053,29,4,,0,100,,2050,29,4,,0,100,,2052,29,4,,0,100,,2055,29,4,,0,101,,2049,29,4,,0,100,,2056,29,4,,0,99,,2057,29,4,,0,100,,2054,29,4,,0,100,,2058,29,4,,0
9100,'5105',828,,2063,29,4,,0,100,,2062,29,4,,0,100,,2069,29,4,,0,100,,2070,29,4,,0,100,,2059,29,4,,0,100,,2060,29,4,,0,100,,2064,29,4,,0,100,,2061,29,4,,0,100,,2066,29,4,,0,100,,2067,29,4,,0,100,,2068,29,4,,0,100,,2065,29,4,,0,100,,2071,29,4,,0
9101,'5101',828,,2081,1,,,0,100,,2073,1,,,0,100,,2076,1,,,0,100,,2074,1,,,0,100,,2075,1,,,0,100,,2077,1,,,0,100,,2072,1,,,0,100,,2078,1,,,0,100,,2079,1,,,0,100,,2080,1,,,0,100,,2082,1,,,0
9101,'5102',628,,2084,1,,,0,100,,2083,1,,,0,100,,2086,1,,,0,100,,2087,1,,,0,100,,2085,1,,,0,100,,2088,1,,,0,100,,2089,1,,,0,100,,2092,1,,,0,100,,2091,1,,,0,100,,2093,1,,,0,101,,2090,1,,,0,100,,2096,1,,,0,99,,2094,1,,,0,100,,2095,1,,,0,100,,2097,1,,,0
9101,'5105',828,,2098,1,,,0,100,,2099,1,,,0,100,,2101,1,,,0,100,,2103,1,,,0,100,,2100,1,,,0,100,,2104,1,,,0,100,,2102,1,,,0,100,,2106,1,,,0,100,,2107,1,,,0,100,,2108,1,,,0,100,,2105,1,,,0,100,,2109,1,,,0,100,,2110,1,,,0
9701,'5102',824,,2119,34,0,8 9 10 11,0
