8900,'5101',832,10,1956,23,,,0,100,10,1954,23,,,0,100,10,1945,23,,,0,100,10,1947,23,,,0,100,10,1946,23,,,0,70,50,1966,23,,,0,30,10,1948,23,,,0,70,50,1964,23,,,0,30,10,1949,23,,,0,70,50,1962,23,,,0,30,10,1950,23,,,0,70,50,1963,23,,,0,30,10,1951,23,,,0,70,50,1967,23,,,0,30,10,1953,23,,,0,100,10,1955,23,,,0,100,10,1952,23,,,0,100,10,1959,23,,,0,100,10,1961,23,,,0,100,10,1958,23,,,0
8900,'5102',702,,2000,1,,,0,40,10,1980,23,,,0,60,50,1997,23,,,0,22,10,1982,23,,,0,19,10,1987,23,,,0,59,50,1996,23,,,0,22,10,1983,23,,,0,19,10,1984,23,,,0,59,50,1971,23,,,0,30,10,1981,23,,,0,70,50,1991,23,,,0,30,10,1969,23,,,0,70,50,1970,23,,,0,30,10,1978,23,,,0,70,50,1994,23,,,0,30,10,1968,23,,,0,70,50,1973,23,,,0,30,10,1979,23,,,0,70,50,1993,23,,,0,18,10,2002,23,,,0,19,10,1972,23,,,0,63,50,1974,23,,,0,18,10,2003,23,,,0,19,10,1986,23,,,0,63,50,1992,23,,,0,30,10,1988,23,,,0,70,50,1977,23,,,0,30,10,1990,23,,,0,70,50,1985,23,,,0,30,10,1999,23,,,0,70,50,1976,23,,,0,100,50,1995,23,,,0,100,50,1975,23,,,0
8900,'5105',802,50,2031,23,,,0,30,10,2004,23,,,0,70,50,2030,23,,,0,30,10,2005,23,,,0,70,50,2029,23,,,0,30,10,2006,23,,,0,70,50,2026,23,,,0,30,10,2007,23,,,0,70,50,2025,23,,,0,30,10,2009,23,,,0,70,50,2021,23,,,0,30,10,2011,23,,,0,70,50,2023,23,,,0,30,10,2008,23,,,0,70,50,2024,23,,,0,30,10,2014,23,,,0,70,50,2027,23,,,0,30,10,2015,23,,,0,70,50,2028,23,,,0,30,10,2010,23,,,0,70,50,2032,23,,,0,30,10,2013,23,,,0,70,50,2033,23,,,0,30,10,2012,23,,,0,100,10,2016,23,,,0,100,10,2017,23,,,0,100,10,2018,23,,,0
9100,'5101',804,,2044,1,,,0,100,,2036,1,,,0,100,,2034,1,,,0,100,,2035,1,,,0,100,,2037,1,,,0,100,,2039,1,,,0,100,,2041,1,,,0,100,,2038,1,,,0,100,,2040,1,,,0,100,,2042,1,,,0,100,,2043,1,,,0
9100,'5102',704,,2045,1,,,0,100,,2047,1,,,0,100,,2048,1,,,0,100,,2051,1,,,0,100,,2046,1,,,0,100,,2053,1,,,0,100,,2050,1,,,0,100,,2052,1,,,0,100,,2055,1,,,0,100,,2049,1,,,0,100,,2056,1,,,0,100,,2057,1,,,0,100,,2054,1,,,0,100,,2058,1,,,0
9100,'5105',804,,2063,1,,,0,100,,2062,1,,,0,100,,2069,1,,,0,100,,2070,1,,,0,100,,2059,1,,,0,100,,2060,1,,,0,100,,2064,1,,,0,100,,2061,1,,,0,100,,2066,1,,,0,100,,2067,1,,,0,100,,2068,1,,,0,100,,2065,1,,,0,100,,2071,1,,,0
9101,'5101',900,,2081,37,4,,0,100,,2073,37,4,,0,100,,2076,37,4,,0,100,,2074,37,4,,0,100,,2075,37,4,,0,100,,2077,37,4,,0,100,,2072,37,4,,0,100,,2078,37,4,,0,100,,2079,37,4,,0,100,,2080,37,4,,0,100,,2082,37,4,,0
9101,'5102',658,,2084,37,4,,0,100,,2083,37,4,,0,100,,2086,37,4,,0,100,,2087,37,4,,0,100,,2085,37,4,,0,100,,2088,37,4,,0,100,,2089,37,4,,0,100,,2092,37,4,,0,100,,2091,37,4,,0,100,,2093,37,4,,0,101,,2090,37,4,,0,100,,2096,37,4,,0,99,,2094,37,4,,0,100,,2095,37,4,,0,100,,2097,37,4,,0
9101,'5105',900,,2098,37,4,,0,100,,2099,37,4,,0,100,,2101,37,4,,0,100,,2103,37,4,,0,100,,2100,37,4,,0,100,,2104,37,4,,0,100,,2102,37,4,,0,100,,2106,37,4,,0,100,,2107,37,4,,0,100,,2108,37,4,,0,100,,2105,37,4,,0,100,,2109,37,4,,0,100,,2110,37,4,,0
9600,'5102',740,,2114,1,0,8 9 10 11,0,3,,2113,1,0,8 9 10 11,0,97,,2112,17,4,,0,3,,2111,17,4,,0
9601,'5102',1445,,2118,1,,,0,98,,2116,30,4,,0,5,,2115,30,4,,0
9701,'5102',750,,2119,1,0,8 9 10 11,0,88,,2119,47,4,,0,617,,2120,1,0,7,0,90,,2120,37,4,,0
