500,'5101',807,,1166,36,,,0,98,,1160,36,,,0,100,,1165,36,,,0,100,,1164,36,,,0,100,,1167,36,,,0,100,,1161,36,,,0,100,,1162,36,,,0,100,,1163,36,,,0,100,,1174,36,,,0,100,,1173,36,,,0,100,,1172,36,,,0,100,,1171,36,,,0,100,,1170,36,,,0,100,,1168,36,,,0,100,,1169,36,,,0
500,'5102',737,,1177,36,,,0,68,,1186,36,,,0,25,,1176,36,,,0,75,,1187,36,,,0,25,,1175,36,,,0,75,,1188,36,,,0,100,,1192,36,,,0,100,,1193,36,,,0,100,,1189,36,,,0,100,,1190,36,,,0,100,,1191,36,,,0,100,,1181,36,,,0,30,,1195,36,,,0,70,,1179,36,,,0,30,,1178,36,,,0,70,,1180,36,,,0,30,,1196,36,,,0,70,,1184,36,,,0,100,,1182,36,,,0,100,,1183,36,,,0,100,,1185,36,,,0,100,,1194,36,,,0
500,'5105',807,,1198,36,,,0,98,,1202,36,,,0,100,,1199,36,,,0,100,,1206,36,,,0,100,,1197,36,,,0,100,,1207,36,,,0,100,,1211,36,,,0,100,,1210,36,,,0,100,,1200,36,,,0,100,,1208,36,,,0,100,,1209,36,,,0,100,,1204,36,,,0,100,,1205,36,,,0,100,,1203,36,,,0,100,,1201,36,,,0
1000,'5101',947,,1264,16,,,0,100,,1267,16,,,0,100,,1265,16,,,0,100,,1266,16,,,0,100,,1268,16,,,0,100,,1269,16,,,0,100,,1271,16,,,0,100,,1270,16,,,0,100,,1272,16,,,0,100,,1273,16,,,0
1000,'5102',647,,1301,16,,,0,70,,1288,16,,,0,30,,1289,16,,,0,72,,1282,16,,,0,28,,1275,16,,,0,70,,1291,16,,,0,30,,1284,16,,,0,70,,1274,16,,,0,30,,1293,16,,,0,70,,1283,16,,,0,30,,1296,16,,,0,70,,1281,16,,,0,30,,1298,16,,,0,70,,1297,16,,,0,30,,1276,16,,,0,70,,1278,16,,,0,30,,1302,16,,,0,70,,1285,16,,,0,30,,1290,16,,,0,70,,1277,16,,,0,30,,1287,16,,,0,70,,1294,16,,,0,30,,1280,16,,,0,70,,1286,16,,,0,30,,1292,16,,,0,70,,1299,16,,,0,30,,1279,16,,,0,100,,1295,16,,,0,100,,1300,16,,,0
1000,'5105',747,,1303,16,,,0,70,,1304,16,,,0,30,,1305,16,,,0,70,,1306,16,,,0,30,,1310,16,,,0,70,,1308,16,,,0,30,,1307,16,,,0,70,,1309,16,,,0,30,,1311,16,,,0,70,,1312,16,,,0,30,,1313,16,,,0,70,,1314,16,,,0,30,,1315,16,,,0,70,,1316,16,,,0,30,,1317,16,,,0,70,,1318,16,,,0,30,,1319,16,,,0,70,,1321,16,,,0,30,,1320,16,,,0,70,,1322,16,,,0,30,,1323,16,,,0,70,,1328,16,,,0,30,,1324,16,,,0,100,,1325,16,,,0,100,,1327,16,,,0,100,,1326,16,,,0
1500,'5101',732,,1448,22,,,0,100,,1435,22,,,0,100,,1430,22,,,0,100,,1425,22,,,0,70,,1440,22,,,0,30,,1426,22,,,0,70,,1441,22,,,0,30,,1427,22,,,0,70,,1442,22,,,0,30,,1428,22,,,0,70,,1443,22,,,0,30,,1429,22,,,0,70,,1444,22,,,0,30,,1431,22,,,0,70,,1445,22,,,0,30,,1432,22,,,0,69,,1446,22,,,0,31,,1433,22,,,0,70,,1447,22,,,0,30,,1434,22,,,0,100,,1436,22,,,0,100,,1437,22,,,0,100,,1438,22,,,0,100,,1439,22,,,0
1500,'5102',702,,1453,21,,,0,30,,1470,22,,,0,70,,1467,22,,,0,30,,1449,22,,,0,70,,1480,22,,,0,30,,1451,22,,,0,70,,1466,22,,,0,30,,1472,22,,,0,70,,1456,22,,,0,30,,1450,22,,,0,70,,1473,22,,,0,30,,1452,22,,,0,70,,1458,22,,,0,30,,1471,22,,,0,70,,1459,22,,,0,30,,1454,22,,,0,70,,1475,22,,,0,30,,1469,22,,,0,70,,1457,22,,,0,30,,1479,22,,,0,70,,1460,22,,,0,30,,1468,22,,,0,70,,1474,22,,,0,30,,1455,22,,,0,70,,1461,22,,,0,30,,1477,22,,,0,70,,1463,22,,,0,30,,1465,22,,,0,70,,1478,22,,,0,30,,1464,22,,,0,70,,1462,22,,,0,30,,1476,22,,,0
1500,'5105',732,,1504,22,,,0,100,,1481,22,,,0,100,,1482,22,,,0,100,,1485,22,,,0,70,,1484,22,,,0,30,,1483,22,,,0,70,,1487,22,,,0,30,,1488,22,,,0,70,,1489,22,,,0,30,,1486,22,,,0,70,,1494,22,,,0,30,,1495,22,,,0,70,,1492,22,,,0,30,,1490,22,,,0,70,,1497,22,,,0,30,,1498,22,,,0,69,,1496,22,,,0,31,,1491,22,,,0,70,,1499,22,,,0,30,,1493,22,,,0,70,,1505,22,,,0,30,,1501,22,,,0,100,,1502,22,,,0,100,,1503,22,,,0,100,,1500,22,,,0
4600,'5101',931,,1672,25,,,0,100,,1673,25,,,0,100,,1664,25,,,0,100,,1666,25,,,0,100,,1668,25,,,0,100,,1663,25,,,0,100,,1670,25,,,0,100,,1671,25,,,0,100,,1667,25,,,0,100,,1669,25,,,0,100,,1665,25,,,0
4600,'5102',759,,1681,25,,,0,142,,1682,25,,,0,99,,1683,25,,,0,100,,1685,25,,,0,100,,1684,25,,,0,100,,1686,25,,,0,100,,1687,25,,,0,100,,1674,25,,,0,100,,1675,25,,,0,100,,1676,25,,,0,59,,1677,25,,,0,100,,1678,25,,,0,99,,1680,25,,,0,100,,1679,25,,,0
4600,'5105',831,,1688,25,,,0,100,,1697,25,,,0,100,,1701,25,,,0,100,,1693,25,,,0,100,,1690,25,,,0,100,,1694,25,,,0,100,,1696,25,,,0,100,,1698,25,,,0,100,,1691,25,,,0,100,,1699,25,,,0,100,,1695,25,,,0,100,,1689,25,,,0,100,,1700,25,,,0
4700,'5102',736,,1754,37,,,0,103,,1742,37,,,0,99,,1752,37,,,0,100,,1748,37,,,0,100,,1751,37,,,0,100,,1753,37,,,0,100,,1741,37,,,0,100,,1750,37,,,0,101,,1743,37,,,0,100,,1749,37,,,0,99,,1745,37,,,0,98,,1746,37,,,0,100,,1747,37,,,0,100,,1744,37,,,0
