500,'5014',726,,2179,23,,,0,28,,2188,23,,,0,65,,2178,23,,,0,35,,2189,23,,,0,65,,2177,23,,,0,35,,2190,23,,,0,100,,2194,23,,,0,100,,2195,23,,,0,100,,2191,23,,,0,100,,2192,23,,,0,100,,2193,23,,,0,100,,2183,23,,,0,70,,2197,23,,,0,30,,2181,23,,,0,70,,2180,23,,,0,30,,2182,23,,,0,70,,2198,23,,,0,30,,2186,23,,,0,100,,2184,23,,,0,100,,2185,23,,,0,100,,2187,23,,,0,100,,2196,23,,,0
500,'5015',756,,2200,23,,,0,98,,2204,23,,,0,100,,2201,23,,,0,100,,2208,23,,,0,100,,2199,23,,,0,100,,2209,23,,,0,100,,2213,23,,,0,100,,2211,23,,,0,100,,2202,23,,,0,100,,2210,23,,,0,100,,2212,23,,,0,100,,2206,23,,,0,100,,2207,23,,,0,100,,2205,23,,,0,100,,2203,23,,,0
500,'5221',756,,2220,23,,,0,98,,2214,23,,,0,100,,2219,23,,,0,100,,2218,23,,,0,100,,2221,23,,,0,100,,2215,23,,,0,100,,2216,23,,,0,100,,2217,23,,,0,100,,2228,23,,,0,100,,2227,23,,,0,100,,2226,23,,,0,100,,2225,23,,,0,100,,2224,23,,,0,100,,2222,23,,,0,100,,2223,23,,,0
1001,'5014',656,,2373,15,,,0,70,,2360,15,,,0,30,,2361,15,,,0,72,,2351,15,,,0,28,,2347,15,,,0,70,,2365,15,,,0,30,,2354,15,,,0,70,,2346,15,,,0,30,,2368,15,,,0,70,,2355,15,,,0,30,,2371,15,,,0,70,,2356,15,,,0,30,,2372,15,,,0,70,,2369,15,,,0,30,,2348,15,,,0,70,,2350,15,,,0,30,,2374,15,,,0,70,,2357,15,,,0,30,,2362,15,,,0,70,,2349,15,,,0,30,,2358,15,,,0,70,,2366,15,,,0,30,,2352,15,,,0,70,,2364,15,,,0,30,,2359,15,,,0,70,,2353,15,,,0,30,,2370,15,,,0,100,,2363,15,,,0,100,,2367,15,,,0
1001,'5015',756,,2375,15,,,0,70,,2376,15,,,0,30,,2380,15,,,0,70,,2379,15,,,0,30,,2378,15,,,0,70,,2377,15,,,0,30,,2381,15,,,0,70,,2382,15,,,0,30,,2383,15,,,0,70,,2385,15,,,0,30,,2384,15,,,0,70,,2386,15,,,0,30,,2388,15,,,0,70,,2387,15,,,0,30,,2389,15,,,0,70,,2390,15,,,0,30,,2391,15,,,0,70,,2394,15,,,0,30,,2393,15,,,0,70,,2395,15,,,0,30,,2392,15,,,0,100,,2396,15,,,0,100,,2397,15,,,0,100,,2398,15,,,0
1001,'5221',956,,2399,15,,,0,100,,2400,15,,,0,100,,2401,15,,,0,100,,2402,15,,,0,100,,2404,15,,,0,100,,2403,15,,,0,100,,2405,15,,,0,100,,2406,15,,,0,100,,2407,15,,,0,100,,2408,15,,,0
1101,'5014',704,,2415,2,,,0,27,,2415,43,,,0,3,,2414,2,,,0,67,,2414,43,,,0,3,,2409,2,,,0,27,,2409,43,,,0,3,,2420,2,,,0,67,,2420,43,,,0,3,,2416,2,,,0,27,,2416,43,,,0,3,,2410,2,,,0,67,,2410,43,,,0,3,,2421,2,,,0,27,,2421,43,,,0,73,,2411,2,,,0,27,,2411,43,,,0,73,,2424,2,,,0,27,,2424,43,,,0,73,,2417,2,,,0,27,,2417,43,,,0,73,,2412,2,,,0,27,,2412,43,,,0,73,,2419,2,,,0,24,,2423,3,,,0,3,,2419,43,,,0,22,,2423,44,,,0,51,,2426,2,,,0,27,,2426,43,,,0,3,,2422,2,,,0,67,,2422,43,,,0,3,,2413,2,,,0,27,,2413,43,,,0,3,,2425,2,,,0,67,,2425,43,,,0,3,,2418,2,,,0,27,,2418,43,,,0,3,,2427,2,,,0,67,,2427,43,,,0
1101,'5015',734,,2428,2,,,0,67,,2428,43,,,0,33,,2429,2,,,0,67,,2429,43,,,0,33,,2430,2,,,0,67,,2430,43,,,0,33,,2431,2,,,0,67,,2431,43,,,0,33,,2432,2,,,0,67,,2432,43,,,0,33,,2433,2,,,0,67,,2433,43,,,0,33,,2434,2,,,0,67,,2434,43,,,0,33,,2435,2,,,0,67,,2435,43,,,0,33,,2436,2,,,0,67,,2436,43,,,0,33,,2437,2,,,0,67,,2437,43,,,0,33,,2438,2,,,0,67,,2438,43,,,0
55029,'5014',714,,2840,2,,,0,36,,2827,15,,,0,60,,2845,15,,,0,40,,2829,15,,,0,60,,2832,15,,,0,100,,2841,15,,,0,101,,2842,15,,,0,100,,2844,15,,,0,100,,2843,15,,,0,100,,2846,15,,,0,99,,2833,15,,,0,103,,2830,15,,,0,32,,2836,15,,,0,69,,2828,15,,,0,32,,2839,15,,,0,68,,2831,15,,,0,30,,2838,15,,,0,68,,2835,15,,,0,100,,2834,15,,,0,98,,2837,15,0,11,0
55029,'5015',736,,2848,2,,,0,106,,2850,15,,,0,100,,2853,15,,,0,100,,2851,15,,,0,100,,2849,15,,,0,100,,2855,15,,,0,100,,2852,15,,,0,100,,2854,15,,,0,100,,2859,15,,,0,100,,2858,15,,,0,100,,2856,15,,,0,100,,2847,15,,,0,100,,2861,15,,,0,100,,2860,15,,,0,100,,2857,15,,,0
55029,'5221',842,,2868,16,,,0,100,,2870,16,,,0,100,,2869,16,,,0,100,,2871,16,,,0,100,,2864,16,,,0,100,,2872,16,,,0,100,,2866,16,,,0,100,,2863,16,,,0,100,,2862,16,,,0,100,,2867,16,,,0,100,,2865,16,,,0
8900,'5014',703,,2991,2,,,0,40,,2971,24,,,0,60,,2988,24,,,0,22,,2973,24,,,0,19,,2978,24,,,0,59,,2987,24,,,0,22,,2974,24,,,0,19,,2975,24,,,0,59,,2962,24,,,0,30,,2972,24,,,0,70,,2982,24,,,0,30,,2960,24,,,0,70,,2961,24,,,0,30,,2969,24,,,0,70,,2985,24,,,0,30,,2959,24,,,0,70,,2964,24,,,0,30,,2970,24,,,0,70,,2984,24,,,0,18,,2993,24,,,0,19,,2963,24,,,0,63,,2965,24,,,0,18,,2994,24,,,0,19,,2977,24,,,0,63,,2983,24,,,0,30,,2979,24,,,0,70,,2968,24,,,0,30,,2981,24,,,0,70,,2976,24,,,0,30,,2990,24,,,0,70,,2967,24,,,0,100,,2986,24,,,0,100,,2966,24,,,0
8900,'5015',803,,3022,24,,,0,30,,2995,24,,,0,70,,3021,24,,,0,30,,2996,24,,,0,70,,3020,24,,,0,30,,2997,24,,,0,70,,3017,24,,,0,30,,2998,24,,,0,70,,3016,24,,,0,30,,3000,24,,,0,70,,3012,24,,,0,30,,3002,24,,,0,70,,3014,24,,,0,30,,2999,24,,,0,70,,3015,24,,,0,30,,3005,24,,,0,70,,3018,24,,,0,30,,3006,24,,,0,70,,3019,24,,,0,30,,3001,24,,,0,70,,3023,24,,,0,30,,3004,24,,,0,70,,3024,24,,,0,30,,3003,24,,,0,100,,3007,24,,,0,100,,3008,24,,,0,100,,3009,24,,,0
8900,'5221',833,,3036,24,,,0,100,,3034,24,,,0,100,,3025,24,,,0,100,,3026,24,,,0,100,,3027,24,,,0,70,,3047,24,,,0,30,,3028,24,,,0,70,,3045,24,,,0,30,,3029,24,,,0,70,,3042,24,,,0,30,,3030,24,,,0,70,,3043,24,,,0,30,,3031,24,,,0,70,,3044,24,,,0,30,,3033,24,,,0,100,,3035,24,,,0,100,,3032,24,,,0,100,,3039,24,,,0,100,,3041,24,,,0,100,,3038,24,,,0
9100,'5014',705,,3048,2,,,0,100,,3050,2,,,0,100,,3051,2,,,0,100,,3054,2,,,0,100,,3049,2,,,0,100,,3056,2,,,0,100,,3053,2,,,0,100,,3055,2,,,0,100,,3058,2,,,0,100,,3052,2,,,0,100,,3059,2,,,0,100,,3060,2,,,0,100,,3057,2,,,0,100,,3061,2,,,0
9100,'5015',805,,3066,2,,,0,100,,3065,2,,,0,100,,3072,2,,,0,100,,3073,2,,,0,100,,3062,2,,,0,100,,3063,2,,,0,100,,3067,2,,,0,100,,3064,2,,,0,100,,3069,2,,,0,100,,3070,2,,,0,100,,3071,2,,,0,100,,3068,2,,,0,100,,3074,2,,,0
9100,'5221',805,,3085,2,,,0,100,,3077,2,,,0,100,,3075,2,,,0,100,,3076,2,,,0,100,,3078,2,,,0,100,,3080,2,,,0,100,,3082,2,,,0,100,,3079,2,,,0,100,,3081,2,,,0,100,,3083,2,,,0,100,,3084,2,,,0
