1900,'5015',818,4,2660,13,,,0,100,4,2661,13,,,0,800,4,2662,13,,,0,100,4,2664,13,,,0,100,4,2663,13,,,0,100,4,2665,13,,,0,100,4,2666,13,,,0
1900,'5221',918,4,2675,13,,,0,100,4,2667,13,,,0,100,4,2669,13,,,0,100,4,2670,13,,,0,100,4,2671,13,,,0,100,4,2668,13,,,0,100,4,2672,13,,,0,100,4,2673,13,,,0,100,4,2674,13,,,0,100,4,2676,13,,,0
8801,'5014',722,,2902,47,4,,0,30,,2895,47,4,,0,70,,2904,47,4,,0,22,,2890,47,4,,0,60,,2896,47,4,,0,18,,2901,47,4,,0,23,,2894,47,4,,0,59,,2897,47,4,,0,18,,2903,47,4,,0,30,,2875,47,4,,0,70,,2883,47,4,,0,30,,2889,47,4,,0,70,,2905,47,4,,0,30,,2876,47,4,,0,70,,2884,47,4,,0,30,,2892,47,4,,0,70,,2888,47,4,,0,30,,2873,47,4,,0,70,,2882,47,4,,0,18,,2906,47,4,,0,60,,2891,47,4,,0,22,,2898,47,4,,0,18,,2886,47,4,,0,60,,2880,47,4,,0,22,,2874,47,4,,0,18,,2907,47,4,,0,60,,2900,47,4,,0,22,,2899,47,4,,0,30,,2881,47,4,,0,70,,2879,47,4,,0,30,,2887,47,4,,0,70,,2893,47,4,,0,100,,2877,47,4,,0,100,,2885,47,4,,0
8801,'5015',752,,2908,47,4,,0,70,,2932,47,4,,0,30,,2910,47,4,,0,70,,2931,47,4,,0,30,,2912,47,4,,0,70,,2927,47,4,,0,30,,2913,47,4,,0,70,,2929,47,4,,0,30,,2909,47,4,,0,70,,2928,47,4,,0,30,,2915,47,4,,0,70,,2930,47,4,,0,30,,2916,47,4,,0,70,,2925,47,4,,0,30,,2914,47,4,,0,70,,2935,47,4,,0,30,,2917,47,4,,0,70,,2926,47,4,,0,30,,2918,47,4,,0,70,,2933,47,4,,0,30,,2911,47,4,,0,70,,2934,47,4,,0,30,,2920,47,4,,0,100,,2921,47,4,,0,100,,2922,47,4,,0,100,,2919,47,4,,0,100,,2923,47,4,,0
8801,'5221',752,,2948,47,4,,0,100,,2947,47,4,,0,100,,2943,47,4,,0,100,,2937,47,4,,0,100,,2938,47,4,,0,70,,2957,47,4,,0,30,,2939,47,4,,0,70,,2956,47,4,,0,30,,2940,47,4,,0,70,,2953,47,4,,0,30,,2941,47,4,,0,70,,2954,47,4,,0,30,,2936,47,4,,0,70,,2955,47,4,,0,30,,2942,47,4,,0,70,,2958,47,4,,0,30,,2944,47,4,,0,100,,2945,47,4,,0,100,,2946,47,4,,0,100,,2949,47,4,,0,100,,2950,47,4,,0,100,,2951,47,4,,0
8900,'5014',703,,2971,1,,,0,20,,2988,1,,,0,22,,2973,1,,,0,59,,2978,1,,,0,19,,2987,1,,,0,22,,2974,1,,,0,59,,2975,1,,,0,19,,2962,1,,,0,30,,2972,1,,,0,70,,2982,1,,,0,30,,2960,1,,,0,70,,2961,1,,,0,30,,2969,1,,,0,70,,2985,1,,,0,30,,2959,1,,,0,70,,2964,1,,,0,30,,2970,1,,,0,70,,2984,1,,,0,18,,2993,1,,,0,59,,2963,1,,,0,23,,2965,1,,,0,18,,2994,1,,,0,59,,2977,1,,,0,23,,2983,1,,,0,30,,2979,1,,,0,70,,2968,1,,,0,30,,2981,1,,,0,70,,2976,1,,,0,30,,2990,1,,,0,70,,2967,1,,,0,100,,2986,1,,,0,100,,2966,1,,,0,100,,2980,1,0,5 6,0
8900,'5015',723,,3022,1,,,0,30,,2995,1,,,0,70,,3021,1,,,0,30,,2996,1,,,0,70,,3020,1,,,0,30,,2997,1,,,0,70,,3017,1,,,0,30,,2998,1,,,0,70,,3016,1,,,0,30,,3000,1,,,0,70,,3012,1,,,0,30,,3002,1,,,0,70,,3014,1,,,0,30,,2999,1,,,0,70,,3015,1,,,0,30,,3005,1,,,0,70,,3018,1,,,0,30,,3006,1,,,0,70,,3019,1,,,0,30,,3001,1,,,0,70,,3023,1,,,0,30,,3004,1,,,0,70,,3024,1,,,0,30,,3003,1,,,0,100,,3007,1,,,0,100,,3008,1,,,0,100,,3009,1,,,0,100,,3010,1,0,5 6,0
8900,'5221',753,,3036,1,,,0,100,,3034,1,,,0,100,,3025,1,,,0,100,,3026,1,,,0,100,,3027,1,,,0,70,,3047,1,,,0,30,,3028,1,,,0,70,,3045,1,,,0,30,,3029,1,,,0,70,,3042,1,,,0,30,,3030,1,,,0,70,,3043,1,,,0,30,,3031,1,,,0,70,,3044,1,,,0,30,,3033,1,,,0,100,,3035,1,,,0,100,,3032,1,,,0,100,,3039,1,,,0,100,,3041,1,,,0,100,,3038,1,,,0,100,,3040,1,0,5 6,0
16101,'5015',1526,,3127,5,,,0
16101,'5212',1526,,3128,5,,,0
