100,105013,1,0
100,105076,2,0
100,105367,3,0
100,105366,4,0
100,105365,5,0
100,105364,6,0
100,105363,7,0
100,105362,8,0
100,105361,9,0
100,105077,10,0
100,105115,11,0
100,105116,12,0
100,105117,13,0
100,105118,14,0
100,105042,15,0
100,105041,16,0
100,105123,17,0
100,105359,18,0
100,105358,19,0
100,105357,20,0
100,105356,21,0
100,105355,22,0
100,105360,23,0
100,105354,24,0
100,105353,25,0
100,105352,26,0
100,105351,27,0
100,105350,28,0
100,105349,29,0
100,105348,30,0
100,105347,31,0
100,105346,32,0
100,105345,33,0
100,105344,34,0
100,105343,35,0
100,105296,36,0
100,105297,37,0
100,105298,38,0
100,105299,39,0
100,105300,40,0
100,105082,41,0
100,105246,42,0
100,105247,43,0
500,105010,1,0
500,105068,2,0
500,105330,3,0
500,105331,4,0
500,105332,5,0
500,105333,6,0
500,105334,7,0
500,105335,8,0
500,105336,9,0
500,180063,10,0
500,105064,11,0
500,105322,12,0
500,105338,13,0
500,105339,14,0
500,105340,15,0
500,105061,16,0
500,105062,17,0
500,105081,18,0
500,105082,19,0
500,105246,20,0
500,105247,21,0
500,105013,22,0
500,105101,23,0
500,105145,24,0
500,105144,25,0
500,105138,26,0
500,105137,27,0
500,105133,28,0
500,105132,29,0
500,105131,30,0
500,105130,31,0
500,105129,32,0
500,105143,33,0
500,105209,34,0
500,105208,35,0
500,105094,36,0
500,105000,37,0
500,105128,38,0
500,105127,39,0
500,105126,40,0
500,105125,41,0
500,105124,42,0
500,105119,43,0
500,105164,44,0
500,105163,45,0
500,105342,46,0
500,105341,47,0
500,105242,48,0
500,105245,49,0
500,105241,50,0
500,105244,51,0
500,105240,52,0
500,105239,53,0
500,105238,54,0
500,105237,55,0
500,105236,56,0
500,105235,57,0
500,105234,58,0
500,105233,59,0
500,105232,60,0
1000,105016,1,0
1000,105076,2,0
1000,105219,3,0
1000,105218,4,0
1000,105217,5,0
1000,105216,6,0
1000,105215,7,0
1000,105214,8,0
1000,180052,9,0
1000,105213,10,0
1000,105212,11,0
1000,105211,12,0
1000,180022,13,0
1000,180055,14,0
1000,105209,15,0
1000,105208,16,0
1000,105094,17,0
1000,105002,18,1
1001,105002,1,0
1001,180035,2,0
1001,105091,3,0
1001,105090,4,0
1001,105207,5,0
1001,105206,6,0
1001,180026,7,0
1001,180025,8,0
1001,180024,9,0
1001,180021,10,0
1001,180019,11,0
1001,180020,12,0
1001,180018,13,0
1001,105220,14,0
1001,105101,15,0
1001,105016,16,1
1101,105013,1,0
1101,105101,2,0
1101,105102,3,0
1101,105103,4,0
1101,105104,5,0
1101,105301,6,0
1101,105302,7,0
1101,105303,8,0
1101,105304,9,0
1101,105305,10,0
1101,105306,11,0
1101,105307,12,0
1101,105308,13,0
1101,180036,14,0
1101,105309,15,0
1101,105310,16,0
1101,105312,17,0
1101,105311,18,0
1101,105313,19,0
1101,105314,20,0
1101,105315,21,0
1101,105316,22,0
1101,105317,23,0
1101,105318,24,0
1101,105319,25,0
1101,105320,26,0
1101,105321,27,0
1101,105108,28,0
1101,105109,29,0
1101,105110,30,0
1101,105111,31,0
1101,105112,32,0
1101,105064,33,0
1101,105322,34,0
1101,105323,35,0
1101,105324,36,0
1101,105325,37,0
1101,105326,38,0
1101,105327,39,0
1101,105328,40,0
1101,105329,41,0
1101,105220,42,0
1500,105017,1,0
1500,105064,2,0
1500,180001,3,0
1500,105066,4,0
1500,180061,5,0
1500,105026,6,0
1500,105069,7,0
1500,105071,8,0
1500,105070,9,0
1500,105072,10,0
1500,105073,11,0
1500,105075,12,0
1500,105074,13,0
1500,105136,14,0
1500,105135,15,0
1500,105134,16,0
1500,105100,17,0
1500,105098,18,0
1500,105097,19,0
1500,105096,20,0
1500,105095,21,0
1500,105094,22,0
1500,105002,23,1
1501,105002,1,0
1501,180035,2,0
1501,105091,3,0
1501,105090,4,0
1501,105089,5,0
1501,105088,6,0
1501,105087,7,0
1501,105086,8,0
1501,105085,9,0
1501,105084,10,0
1501,105003,11,0
1501,105083,12,0
1501,105080,13,0
1501,105079,14,0
1501,105078,15,0
1501,105077,16,0
1501,105113,17,0
1501,105017,18,1
1601,105017,1,0
1601,105060,2,0
1601,180002,3,0
1601,105006,4,0
1601,105379,5,0
1601,105378,6,0
1601,105372,7,0
1601,105371,8,0
1601,105370,9,0
1601,105369,10,0
1601,105368,11,0
1601,105049,12,0
1601,105050,13,0
1601,105051,14,0
1601,105052,15,0
1601,105053,16,0
1601,105054,17,0
1601,105056,18,0
1601,105065,19,0
1601,105067,20,0
1601,105249,21,0
1601,105250,22,0
1601,105251,23,0
1601,105252,24,0
1601,105253,25,0
1601,105254,26,0
1601,105255,27,0
1601,105256,28,0
1601,105007,29,0
1601,105058,30,0
1601,105059,31,0
1900,105017,1,0
1900,105060,2,0
1900,180002,3,0
1900,105006,4,0
1900,105379,5,0
1900,105378,6,0
1900,105377,7,0
1900,105376,8,0
1900,105375,9,0
1900,105374,10,0
1900,105373,11,0
1900,105259,12,0
1900,105019,13,0
1900,105114,14,0
1900,105007,15,0
1900,105058,16,0
1900,105059,17,0
4600,105010,1,0
4600,105285,2,0
4600,105283,3,0
4600,180051,4,0
4600,105021,5,0
4600,105023,6,0
4600,105004,7,0
4600,105069,8,0
4600,105071,9,0
4600,105070,10,0
4600,105072,11,0
4600,105027,12,0
4600,105028,13,0
4600,105030,14,0
4600,105029,15,0
4600,105074,16,0
4600,105136,17,0
4600,105135,18,0
4600,105134,19,0
4600,180003,20,0
4600,105031,21,0
4600,105097,22,0
4600,105096,23,0
4600,105095,24,0
4600,105094,25,0
4600,105002,26,0
4600,105037,27,0
4600,105032,28,0
4600,105267,29,0
4600,105036,30,0
4600,105403,31,0
4600,105274,32,0
4600,105273,33,0
4600,180030,34,0
4600,105405,35,0
4600,105271,36,0
4600,105408,37,0
4600,105043,38,0
4600,105409,39,0
4600,105039,40,0
4600,105040,41,0
4600,105099,42,0
4600,105046,43,0
4600,105045,44,0
4600,105241,45,0
4600,105044,46,0
4600,105048,47,0
4600,105047,48,0
4600,105287,49,0
4600,105286,50,0
4600,105237,51,0
4600,105236,52,0
4600,105235,53,0
4600,105234,54,0
4600,105233,55,0
4600,105232,56,0
4701,105010,1,0
4701,105068,2,0
4701,105330,3,0
4701,105331,4,0
4701,105231,5,0
4701,105243,6,0
4701,105230,7,0
4701,105229,8,0
4701,105228,9,0
4701,105227,10,0
4701,105226,11,0
4701,105280,12,0
4701,105048,13,0
4701,105224,14,0
4701,105279,15,0
4701,105276,16,0
4701,105277,17,0
4701,105278,18,0
4701,105275,19,0
4701,105274,20,0
4701,105273,21,0
4701,180030,22,0
4701,105405,23,0
4701,105271,24,0
4701,105270,25,0
4701,105269,26,0
4701,105033,27,0
4701,105266,28,0
4701,105265,29,0
4701,105000,30,0
4701,105134,31,0
4701,105100,32,0
4701,105098,33,0
4701,105097,34,0
4701,105096,35,0
4701,105095,36,0
4701,105094,37,0
4701,105002,38,0
4701,180035,39,0
4701,105091,40,0
4701,105264,41,0
4701,105263,42,0
4701,105411,43,0
4701,105410,44,0
4701,105088,45,0
4701,105087,46,0
4701,105086,47,0
4701,105085,48,0
4701,105084,49,0
4701,105005,50,0
4701,105038,51,0
4701,105022,52,0
4701,180027,53,0
4701,105282,54,0
5501,105011,1,0
5501,105068,2,0
5501,105330,3,0
5501,105331,4,0
5501,105231,5,0
5501,105243,6,0
5501,105230,7,0
5501,105229,8,0
5501,105228,9,0
5501,105227,10,0
5501,105226,11,0
5501,105225,12,0
5501,105244,13,0
5501,105240,14,0
5501,105239,15,0
5501,105224,16,0
5501,105223,17,0
5501,105222,18,0
5501,105221,19,0
5501,180017,20,0
5501,180016,21,0
5501,180015,22,0
5501,180006,23,0
5501,105162,24,0
5501,180008,25,0
5501,180007,26,0
5501,105136,27,0
5501,105135,28,0
5501,105001,29,0
5501,180023,30,0
5501,180009,31,0
5501,180011,32,0
5501,180010,33,0
5501,105161,34,0
5501,105142,35,0
5501,105141,36,0
5501,105140,37,0
5501,105132,38,0
5501,105122,39,0
5501,105121,40,0
5501,105182,41,0
5501,180005,42,0
5501,105013,43,0
5501,105101,44,0
5501,105102,45,0
5501,105103,46,0
5501,105104,47,0
5501,105105,48,0
5501,105106,49,0
5501,105107,50,0
5501,105120,51,0
5501,180004,52,0
5501,105362,53,0
5501,105361,54,0
5501,105077,55,0
5501,105191,56,0
5501,180013,57,0
5501,180012,58,0
5501,105160,59,0
5501,105024,60,0
5501,105025,61,0
5501,105233,62,0
5501,105232,63,0
8801,105008,1,0
8801,105203,2,0
8801,105521,3,0
8801,105522,4,0
8801,105523,5,0
8801,105524,6,0
8801,105525,7,0
8801,105425,8,0
8801,105426,9,0
8801,105428,10,0
8801,105427,11,0
8801,105430,12,0
8801,105431,13,0
8801,105013,14,0
8801,105076,15,0
8801,180058,16,0
8801,180059,17,0
8801,105005,18,0
8801,105038,19,0
8801,105022,20,0
8801,180027,21,0
8801,105282,22,0
8801,105010,23,0
8801,105449,24,0
8801,105450,25,0
8801,105451,26,0
8801,105280,27,0
8801,105444,28,0
8801,105441,29,0
8801,105424,30,0
8801,105437,31,0
8801,105435,32,0
8801,180002,33,0
8801,105006,34,0
8801,105379,35,0
8801,105378,36,0
8801,105377,37,0
8801,105376,38,0
8801,105375,39,0
8801,105374,40,0
8801,105373,41,0
8801,105259,42,0
8801,105290,43,0
8801,105281,44,0
8801,105820,45,0
8801,105019,46,1
8900,105019,1,0
8900,105114,2,0
8900,105007,3,0
8900,105434,4,0
8900,105436,5,0
8900,105438,6,0
8900,105439,7,0
8900,105440,8,0
8900,105442,9,0
8900,105443,10,0
8900,105286,11,0
8900,105445,12,0
8900,105446,13,0
8900,105447,14,0
8900,105488,15,0
8900,105011,16,0
8900,105285,17,0
8900,105283,18,0
8900,180051,19,0
8900,105021,20,0
8900,105023,21,0
8900,105026,22,0
8900,105014,23,0
8900,105101,24,0
8900,105511,25,0
8900,105512,26,0
8900,105180,27,0
8900,105188,28,0
8900,105187,29,0
8900,105186,30,0
8900,105185,31,0
8900,105184,32,0
8900,105183,33,0
8900,105812,34,0
8900,105181,35,0
8900,105173,36,0
8900,105398,37,0
8900,105399,38,0
8900,105394,39,0
8900,105400,40,0
8900,105401,41,0
8900,105454,42,0
8900,105008,43,1
9100,105014,1,0
9100,105101,2,0
9100,105412,3,0
9100,105413,4,0
9100,105414,5,0
9100,180053,6,0
9100,105417,7,0
9100,180064,8,0
9100,105418,9,0
9100,105415,10,0
9100,105416,11,0
9100,105419,12,0
9100,105149,13,0
9100,105148,14,0
9100,105151,15,0
9100,105176,16,0
9100,105157,17,0
9100,105174,18,0
9100,105170,19,0
9100,105166,20,0
9100,105171,21,0
9100,105173,22,0
9100,105398,23,0
9100,105399,24,0
9100,105394,25,0
9100,105400,26,0
9100,105401,27,0
9100,105454,28,0
9100,105008,29,1
9101,105008,1,0
9101,105193,2,0
9101,105192,3,0
9101,180014,4,0
9101,105190,5,0
9101,105197,6,0
9101,105198,7,0
9101,105199,8,0
9101,105200,9,0
9101,105201,10,0
9101,105202,11,0
9101,105518,12,0
9101,105517,13,0
9101,105519,14,0
9101,105520,15,0
9101,180037,16,0
9101,180062,17,0
9101,105178,18,0
9101,105500,19,0
9101,105501,20,0
9101,105502,21,0
9101,105503,22,0
9101,105507,23,0
9101,180060,24,0
9101,105509,25,0
9101,105510,26,0
9101,105419,27,0
9101,105420,28,0
9101,105421,29,0
9101,105422,30,0
9101,180065,31,0
9101,105395,32,0
9101,180054,33,0
9101,105396,34,0
9101,105139,35,0
9101,105397,36,0
9101,105014,37,1
10500,105011,1,0
10500,180044,2,0
10500,105014,3,0
10500,105137,4,0
10500,105209,5,0
10500,105001,6,1
10501,105001,1,0
10501,105161,2,0
10501,105121,3,0
10501,105016,4,0
10501,180051,5,0
10501,105011,6,1
16100,185025,1,0
16100,185024,2,0
16100,185016,3,0
16100,185017,4,0
16100,185018,5,0
16100,185019,6,0
16100,185020,7,0
16100,185021,8,0
16100,185022,9,0
16100,185015,10,0
16100,185014,11,0
16100,185013,12,0
16100,185012,13,0
16100,185010,14,0
16100,185008,15,0
16100,185007,16,0
16100,185006,17,0
16100,185001,18,0
16100,185003,19,0
16100,185005,20,0
16100,185002,21,0
16100,185040,22,0
16100,185000,23,0
16100,180029,24,0
16100,105010,25,0
16100,105026,26,0
16100,105075,27,0
16100,105001,28,1
16101,105001,1,0
16101,105089,2,0
16101,105005,3,0
16101,105011,4,0
16101,105019,5,0
16101,185000,6,0
16101,185040,7,0
16101,185001,8,0
16101,185003,9,0
16101,185005,10,0
16101,185002,11,0
16101,185006,12,0
16101,185007,13,0
16101,185009,14,0
16101,185010,15,0
16101,185012,16,0
16101,185013,17,0
16101,185014,18,0
16101,185015,19,0
16101,185016,20,0
16101,185017,21,0
16101,185018,22,0
16101,185019,23,0
16101,185020,24,0
16101,185021,25,0
16101,185022,26,0
16101,185023,27,0
16101,185024,28,0
16101,185025,29,1
16200,185030,1,0
16200,185038,2,0
16200,195006,3,0
16200,195005,4,0
16200,195003,5,0
16200,195001,6,0
16200,185037,8,0
16200,185042,9,0
16200,185036,10,0
16200,185034,11,0
16200,185032,12,0
16200,185031,13,0
16200,185029,15,0
16200,185027,16,0
16200,185026,17,0
16200,185025,18,0
16200,185024,19,0
16200,185016,20,0
16200,185017,21,0
16200,185018,22,0
16200,185019,23,0
16200,185020,24,0
16200,185021,25,0
16200,185022,26,0
16200,185023,27,0
16200,185028,30,0
16200,185033,34,0
16200,185035,35,0
16200,185041,36,0
16200,195000,39,0
16200,195002,40,0
16200,195004,41,0
