1500,'5101',706,,1448,1,,,0,100,,1435,1,,,0,100,,1430,1,,,0,100,,1425,1,,,0,30,,1440,1,,,0,70,,1426,1,,,0,30,,1441,1,,,0,70,,1427,1,,,0,30,,1442,1,,,0,70,,1428,1,,,0,30,,1443,1,,,0,70,,1429,1,,,0,30,,1444,1,,,0,70,,1431,1,,,0,30,,1445,1,,,0,70,,1432,1,,,0,29,,1446,1,,,0,71,,1433,1,,,0,30,,1447,1,,,0,70,,1434,1,,,0,100,,1436,1,,,0,100,,1437,1,,,0,100,,1438,1,,,0,100,,1439,1,,,0
1500,'5102',706,,1470,1,,,0,30,,1467,1,,,0,70,,1449,1,,,0,30,,1480,1,,,0,70,,1451,1,,,0,30,,1466,1,,,0,70,,1472,1,,,0,30,,1456,1,,,0,70,,1450,1,,,0,30,,1473,1,,,0,70,,1452,1,,,0,30,,1458,1,,,0,70,,1471,1,,,0,30,,1459,1,,,0,70,,1454,1,,,0,30,,1475,1,,,0,70,,1469,1,,,0,30,,1457,1,,,0,70,,1479,1,,,0,30,,1460,1,,,0,70,,1468,1,,,0,30,,1474,1,,,0,70,,1455,1,,,0,30,,1461,1,,,0,70,,1477,1,,,0,30,,1463,1,,,0,70,,1465,1,,,0,30,,1478,1,,,0,70,,1464,1,,,0,30,,1462,1,,,0,70,,1476,1,,,0
1500,'5105',706,,1504,1,,,0,100,,1481,1,,,0,100,,1482,1,,,0,100,,1485,1,,,0,30,,1484,1,,,0,70,,1483,1,,,0,30,,1487,1,,,0,70,,1488,1,,,0,30,,1489,1,,,0,70,,1486,1,,,0,30,,1494,1,,,0,70,,1495,1,,,0,30,,1492,1,,,0,70,,1490,1,,,0,30,,1497,1,,,0,70,,1498,1,,,0,29,,1496,1,,,0,71,,1491,1,,,0,30,,1499,1,,,0,70,,1493,1,,,0,30,,1505,1,,,0,70,,1501,1,,,0,100,,1502,1,,,0,100,,1503,1,,,0,100,,1500,1,,,0
1501,'5101',700,,1529,18,4,,0,100,,1517,18,4,,0,100,,1515,18,4,,0,100,,1506,18,4,,0,100,,1507,18,4,,0,30,,1522,18,4,,0,70,,1508,18,4,,0,30,,1523,18,4,,0,70,,1509,18,4,,0,30,,1524,18,4,,0,70,,1510,18,4,,0,30,,1525,18,4,,0,70,,1511,18,4,,0,30,,1526,18,4,,0,70,,1512,18,4,,0,30,,1527,18,4,,0,70,,1513,18,4,,0,30,,1528,18,4,,0,70,,1514,18,4,,0,100,,1516,18,4,,0,100,,1518,18,4,,0,100,,1519,18,4,,0,100,,1520,18,4,,0,100,,1521,18,4,,0
1501,'5102',700,,1542,18,4,,0,30,,1546,18,4,,0,70,,1551,18,4,,0,30,,1549,18,4,,0,70,,1536,18,4,,0,30,,1558,18,4,,0,70,,1537,18,4,,0,30,,1530,18,4,,0,70,,1554,18,4,,0,30,,1531,18,4,,0,70,,1538,18,4,,0,30,,1557,18,4,,0,70,,1539,18,4,,0,30,,1532,18,4,,0,70,,1555,18,4,,0,30,,1533,18,4,,0,70,,1540,18,4,,0,30,,1556,18,4,,0,70,,1548,18,4,,0,30,,1534,18,4,,0,70,,1559,18,4,,0,30,,1535,18,4,,0,70,,1547,18,4,,0,30,,1550,18,4,,0,70,,1541,18,4,,0,30,,1545,18,4,,0,70,,1553,18,4,,0,30,,1544,18,4,,0,100,,1552,18,4,,0,100,,1543,18,4,,0
1501,'5105',700,,1583,18,4,,0,100,,1560,18,4,,0,100,,1561,18,4,,0,100,,1563,18,4,,0,100,,1564,18,4,,0,30,,1562,18,4,,0,70,,1566,18,4,,0,30,,1565,18,4,,0,70,,1570,18,4,,0,30,,1567,18,4,,0,70,,1568,18,4,,0,30,,1572,18,4,,0,70,,1569,18,4,,0,30,,1573,18,4,,0,70,,1571,18,4,,0,30,,1574,18,4,,0,70,,1575,18,4,,0,30,,1576,18,4,,0,70,,1577,18,4,,0,30,,1584,18,4,,0,70,,1579,18,4,,0,100,,1581,18,4,,0,100,,1578,18,4,,0,100,,1582,18,4,,0,100,,1580,18,4,,0
1601,'5101',930,,1585,1,,,0,74,,1585,32,4,,0,26,,1586,1,,,0,74,,1586,32,4,,0,26,,1587,1,,,0,74,,1587,32,4,,0,26,,1589,1,,,0,74,,1589,32,4,,0,26,,1590,1,,,0,74,,1590,32,4,,0,26,,1591,1,,,0,74,,1591,32,4,,0,26,,1588,1,,,0,74,,1588,32,4,,0,26,,1592,1,,,0,74,,1592,32,4,,0,26,,1593,1,,,0,74,,1593,32,4,,0
1601,'5102',700,,1595,1,,,0,4,,1612,29,4,,0,26,,1596,1,,,0,4,,1595,32,4,,0,66,,1618,1,,,0,4,,1596,32,4,,0,26,,1597,1,,,0,6,,1618,32,4,,0,64,,1604,1,,,0,4,,1597,32,4,,0,26,,1615,1,,,0,4,,1604,32,4,,0,66,,1605,1,,,0,4,,1615,32,4,,0,26,,1598,1,,,0,4,,1605,32,4,,0,66,,1616,1,,,0,4,,1598,32,4,,0,26,,1594,1,,,0,4,,1616,32,4,,0,66,,1607,1,,,0,4,,1594,32,4,,0,26,,1613,1,,,0,4,,1607,32,4,,0,66,,1608,1,,,0,4,,1613,32,4,,0,26,,1600,1,,,0,4,,1608,32,4,,0,66,,1620,1,,,0,4,,1600,32,4,,0,26,,1601,1,,,0,4,,1620,32,4,,0,66,,1606,1,,,0,4,,1601,32,4,,0,26,,1614,1,,,0,5,,1606,32,4,,0,65,,1609,1,,,0,5,,1614,32,4,,0,25,,1599,1,,,0,4,,1609,32,4,,0,66,,1621,1,,,0,4,,1599,32,4,,0,26,,1602,1,,,0,4,,1621,32,4,,0,66,,1610,1,,,0,4,,1602,32,4,,0,26,,1619,1,,,0,4,,1610,32,4,,0,66,,1611,1,,,0,4,,1619,32,4,,0,30,,1611,32,4,,0,66,,1622,1,,,0,30,,1603,1,,,0,3,,1622,32,4,,0,70,,1603,32,4,,0,27,,1617,1,,,0,73,,1617,32,4,,0
1601,'5105',804,,1625,29,4,,0,26,,1626,1,,,0,74,,1626,32,4,,0,26,,1624,1,,,0,70,,1639,1,,,0,4,,1624,32,4,,0,26,,1623,1,,,0,4,,1639,32,4,,0,66,,1641,1,,,0,4,,1623,32,4,,0,26,,1631,1,,,0,4,,1641,32,4,,0,66,,1642,1,,,0,4,,1631,32,4,,0,26,,1632,1,,,0,4,,1642,32,4,,0,66,,1643,1,,,0,4,,1632,32,4,,0,26,,1627,1,,,0,4,,1643,32,4,,0,66,,1640,1,,,0,4,,1627,32,4,,0,26,,1629,1,,,0,4,,1640,32,4,,0,66,,1644,1,,,0,4,,1629,32,4,,0,26,,1633,1,,,0,4,,1644,32,4,,0,66,,1645,1,,,0,4,,1633,32,4,,0,26,,1634,1,,,0,4,,1645,32,4,,0,70,,1634,32,4,,0,26,,1635,1,,,0,74,,1635,32,4,,0,26,,1628,1,,,0,74,,1628,32,4,,0,26,,1636,1,,,0,74,,1636,32,4,,0,26,,1637,1,,,0,74,,1637,32,4,,0,26,,1638,1,,,0,70,,1630,1,,,0,4,,1638,32,4,,0,26,,1630,32,4,,0
1900,'5101',900,,1654,1,,,0,29,,1654,18,4,,0,71,,1646,1,,,0,29,,1646,18,4,,0,71,,1647,1,,,0,29,,1647,18,4,,0,71,,1648,1,,,0,29,,1648,18,4,,0,71,,1649,1,,,0,29,,1649,18,4,,0,71,,1650,1,,,0,29,,1650,18,4,,0,71,,1651,1,,,0,29,,1651,18,4,,0,71,,1652,1,,,0,29,,1652,18,4,,0,71,,1653,1,,,0,29,,1653,18,4,,0,71,,1655,1,,,0,29,,1655,18,4,,0
1900,'5105',800,,1656,1,,,0,29,,1656,18,4,,0,71,,1657,1,,,0,29,,1657,18,4,,0,771,,1658,1,,,0,29,,1658,18,4,,0,71,,1660,1,,,0,29,,1660,18,4,,0,71,,1659,1,,,0,29,,1659,18,4,,0,71,,1661,1,,,0,29,,1661,18,4,,0,71,,1662,1,,,0,29,,1662,18,4,,0
