1000,'5101',947,,1264,17,4,,0,100,,1267,17,4,,0,100,,1265,17,4,,0,100,,1266,17,4,,0,100,,1268,17,4,,0,100,,1269,17,4,,0,100,,1271,17,4,,0,100,,1270,17,4,,0,100,,1272,17,4,,0,100,,1273,17,4,,0
1000,'5102',647,,1301,17,4,,0,70,,1288,17,4,,0,30,,1289,17,4,,0,72,,1282,17,4,,0,28,,1275,17,4,,0,70,,1291,17,4,,0,30,,1284,17,4,,0,70,,1274,17,4,,0,30,,1293,17,4,,0,70,,1283,17,4,,0,30,,1296,17,4,,0,70,,1281,17,4,,0,30,,1298,17,4,,0,70,,1297,17,4,,0,30,,1276,17,4,,0,70,,1278,17,4,,0,30,,1302,17,4,,0,70,,1285,17,4,,0,30,,1290,17,4,,0,70,,1277,17,4,,0,30,,1287,17,4,,0,70,,1294,17,4,,0,30,,1280,17,4,,0,70,,1286,17,4,,0,30,,1292,17,4,,0,70,,1299,17,4,,0,30,,1279,17,4,,0,100,,1295,17,4,,0,100,,1300,17,4,,0
1000,'5105',747,,1303,17,4,,0,70,,1304,17,4,,0,30,,1305,17,4,,0,70,,1306,17,4,,0,30,,1310,17,4,,0,70,,1308,17,4,,0,30,,1307,17,4,,0,70,,1309,17,4,,0,30,,1311,17,4,,0,70,,1312,17,4,,0,30,,1313,17,4,,0,70,,1314,17,4,,0,30,,1315,17,4,,0,70,,1316,17,4,,0,30,,1317,17,4,,0,70,,1318,17,4,,0,30,,1319,17,4,,0,70,,1321,17,4,,0,30,,1320,17,4,,0,70,,1322,17,4,,0,30,,1323,17,4,,0,70,,1328,17,4,,0,30,,1324,17,4,,0,100,,1325,17,4,,0,100,,1327,17,4,,0,100,,1326,17,4,,0
1001,'5101',947,,1329,1,,,0,100,,1330,1,,,0,100,,1331,1,,,0,100,,1332,1,,,0,100,,1334,1,,,0,100,,1333,1,,,0,100,,1335,1,,,0,100,,1336,1,,,0,100,,1337,1,,,0,100,,1338,1,,,0
1001,'5102',647,,1366,1,,,0,70,,1353,1,,,0,30,,1354,1,,,0,72,,1344,1,,,0,28,,1340,1,,,0,70,,1358,1,,,0,30,,1347,1,,,0,70,,1339,1,,,0,30,,1361,1,,,0,70,,1348,1,,,0,30,,1364,1,,,0,70,,1349,1,,,0,30,,1365,1,,,0,70,,1362,1,,,0,30,,1341,1,,,0,70,,1343,1,,,0,30,,1367,1,,,0,70,,1350,1,,,0,30,,1355,1,,,0,70,,1342,1,,,0,30,,1351,1,,,0,70,,1359,1,,,0,30,,1345,1,,,0,70,,1357,1,,,0,30,,1352,1,,,0,70,,1346,1,,,0,30,,1363,1,,,0,100,,1356,1,,,0,100,,1360,1,,,0
1001,'5105',747,,1368,1,,,0,70,,1369,1,,,0,30,,1373,1,,,0,70,,1372,1,,,0,30,,1371,1,,,0,70,,1370,1,,,0,30,,1374,1,,,0,70,,1375,1,,,0,30,,1376,1,,,0,70,,1378,1,,,0,30,,1377,1,,,0,70,,1379,1,,,0,30,,1381,1,,,0,70,,1380,1,,,0,30,,1382,1,,,0,70,,1383,1,,,0,30,,1384,1,,,0,70,,1386,1,,,0,30,,1385,1,,,0,70,,1388,1,,,0,30,,1387,1,,,0,100,,1389,1,,,0,100,,1390,1,,,0,100,,1391,1,,,0
1500,'5101',732,,1448,23,4,,0,100,,1435,23,4,,0,100,,1430,23,4,,0,100,,1425,23,4,,0,70,,1440,23,4,,0,30,,1426,23,4,,0,70,,1441,23,4,,0,30,,1427,23,4,,0,70,,1442,23,4,,0,30,,1428,23,4,,0,70,,1443,23,4,,0,30,,1429,23,4,,0,70,,1444,23,4,,0,30,,1431,23,4,,0,70,,1445,23,4,,0,30,,1432,23,4,,0,69,,1446,23,4,,0,31,,1433,23,4,,0,70,,1447,23,4,,0,30,,1434,23,4,,0,100,,1436,23,4,,0,100,,1437,23,4,,0,100,,1438,23,4,,0,100,,1439,23,4,,0
1500,'5102',702,,1453,22,4,,0,30,,1470,23,4,,0,70,,1467,23,4,,0,30,,1449,23,4,,0,70,,1480,23,4,,0,30,,1451,23,4,,0,70,,1466,23,4,,0,30,,1472,23,4,,0,70,,1456,23,4,,0,30,,1450,23,4,,0,70,,1473,23,4,,0,30,,1452,23,4,,0,70,,1458,23,4,,0,30,,1471,23,4,,0,70,,1459,23,4,,0,30,,1454,23,4,,0,70,,1475,23,4,,0,30,,1469,23,4,,0,70,,1457,23,4,,0,30,,1479,23,4,,0,70,,1460,23,4,,0,30,,1468,23,4,,0,70,,1474,23,4,,0,30,,1455,23,4,,0,70,,1461,23,4,,0,30,,1477,23,4,,0,70,,1463,23,4,,0,30,,1465,23,4,,0,70,,1478,23,4,,0,30,,1464,23,4,,0,70,,1462,23,4,,0,30,,1476,23,4,,0
1500,'5105',732,,1504,23,4,,0,100,,1481,23,4,,0,100,,1482,23,4,,0,100,,1485,23,4,,0,70,,1484,23,4,,0,30,,1483,23,4,,0,70,,1487,23,4,,0,30,,1488,23,4,,0,70,,1489,23,4,,0,30,,1486,23,4,,0,70,,1494,23,4,,0,30,,1495,23,4,,0,70,,1492,23,4,,0,30,,1490,23,4,,0,70,,1497,23,4,,0,30,,1498,23,4,,0,69,,1496,23,4,,0,31,,1491,23,4,,0,70,,1499,23,4,,0,30,,1493,23,4,,0,70,,1505,23,4,,0,30,,1501,23,4,,0,100,,1502,23,4,,0,100,,1503,23,4,,0,100,,1500,23,4,,0
1501,'5101',636,,1529,1,,,0,100,,1517,1,,,0,100,,1515,1,,,0,100,,1506,1,,,0,100,,1507,1,,,0,70,,1522,1,,,0,30,,1508,1,,,0,70,,1523,1,,,0,30,,1509,1,,,0,70,,1524,1,,,0,30,,1510,1,,,0,70,,1525,1,,,0,30,,1511,1,,,0,70,,1526,1,,,0,30,,1512,1,,,0,70,,1527,1,,,0,30,,1513,1,,,0,70,,1528,1,,,0,30,,1514,1,,,0,100,,1516,1,,,0,100,,1518,1,,,0,100,,1519,1,,,0,100,,1520,1,,,0,100,,1521,1,,,0
1501,'5102',637,,1542,1,,,0,69,,1546,1,,,0,30,,1551,1,,,0,70,,1549,1,,,0,30,,1536,1,,,0,70,,1558,1,,,0,30,,1537,1,,,0,70,,1530,1,,,0,30,,1554,1,,,0,70,,1531,1,,,0,30,,1538,1,,,0,70,,1557,1,,,0,30,,1539,1,,,0,70,,1532,1,,,0,30,,1555,1,,,0,70,,1533,1,,,0,30,,1540,1,,,0,70,,1556,1,,,0,30,,1548,1,,,0,70,,1534,1,,,0,30,,1559,1,,,0,70,,1535,1,,,0,30,,1547,1,,,0,70,,1550,1,,,0,30,,1541,1,,,0,70,,1545,1,,,0,30,,1553,1,,,0,70,,1544,1,,,0,100,,1552,1,,,0,100,,1543,1,,,0
1501,'5105',636,,1583,1,,,0,100,,1560,1,,,0,100,,1561,1,,,0,100,,1563,1,,,0,100,,1564,1,,,0,70,,1562,1,,,0,30,,1566,1,,,0,70,,1565,1,,,0,30,,1570,1,,,0,70,,1567,1,,,0,30,,1568,1,,,0,70,,1572,1,,,0,30,,1569,1,,,0,70,,1573,1,,,0,30,,1571,1,,,0,70,,1574,1,,,0,30,,1575,1,,,0,70,,1576,1,,,0,30,,1577,1,,,0,70,,1584,1,,,0,30,,1579,1,,,0,100,,1581,1,,,0,100,,1578,1,,,0,100,,1582,1,,,0,100,,1580,1,,,0
4600,'5101',931,,1672,26,4,,0,100,,1673,26,4,,0,100,,1664,26,4,,0,100,,1666,26,4,,0,100,,1668,26,4,,0,100,,1663,26,4,,0,100,,1670,26,4,,0,100,,1671,26,4,,0,100,,1667,26,4,,0,100,,1669,26,4,,0,100,,1665,26,4,,0
4600,'5102',800,,1681,26,4,,0,102,,1682,26,4,,0,99,,1683,26,4,,0,100,,1685,26,4,,0,100,,1684,26,4,,0,100,,1686,26,4,,0,100,,1687,26,4,,0,100,,1674,26,4,,0,100,,1675,26,4,,0,100,,1676,26,4,,0,99,,1677,26,4,,0,100,,1678,26,4,,0,59,,1680,26,4,,0,100,,1679,26,4,,0
4600,'5105',831,,1688,26,4,,0,100,,1697,26,4,,0,100,,1701,26,4,,0,100,,1693,26,4,,0,100,,1690,26,4,,0,100,,1694,26,4,,0,100,,1696,26,4,,0,100,,1698,26,4,,0,100,,1691,26,4,,0,100,,1699,26,4,,0,100,,1695,26,4,,0,100,,1689,26,4,,0,100,,1700,26,4,,0
4601,'5101',837,,1708,1,,,0,100,,1707,1,,,0,100,,1709,1,,,0,100,,1706,1,,,0,100,,1705,1,,,0,100,,1704,1,,,0,100,,1702,1,,,0,100,,1712,1,,,0,100,,1711,1,,,0,100,,1703,1,,,0,100,,1710,1,,,0
4601,'5102',704,,1719,1,,,0,100,,1720,1,,,0,100,,1721,1,,,0,100,,1723,1,,,0,100,,1724,1,,,0,100,,1722,1,,,0,100,,1725,1,,,0,100,,1726,1,,,0,100,,1718,1,,,0,100,,1713,1,,,0,100,,1715,1,,,0,100,,1714,1,,,0,100,,1716,1,,,0,100,,1717,1,,,0
4601,'5105',737,,1739,1,,,0,100,,1729,1,,,0,100,,1740,1,,,0,100,,1727,1,,,0,100,,1738,1,,,0,100,,1733,1,,,0,100,,1734,1,,,0,100,,1735,1,,,0,100,,1728,1,,,0,100,,1736,1,,,0,100,,1730,1,,,0,100,,1737,1,,,0,100,,1732,1,,,0,100,,1731,1,,,0
4700,'5102',736,,1754,38,4,,0,103,,1742,38,4,,0,99,,1752,38,4,,0,100,,1748,38,4,,0,100,,1751,38,4,,0,100,,1753,38,4,,0,100,,1741,38,4,,0,100,,1750,38,4,,0,101,,1743,38,4,,0,100,,1749,38,4,,0,99,,1745,38,4,,0,98,,1746,38,4,,0,100,,1747,38,4,,0,100,,1744,38,4,,0
4701,'5102',742,,1763,1,,,0,100,,1764,1,,,0,100,,1767,1,,,0,100,,1762,1,,,0,100,,1765,1,,,0,100,,1766,1,,,0,100,,1755,1,,,0,100,,1760,1,,,0,100,,1758,1,,,0,100,,1757,1,,,0,100,,1761,1,,,0,100,,1756,1,,,0,100,,1759,1,,,0
