500,'5101',738,,1166,1,,,0,98,,1160,1,,,0,100,,1165,1,,,0,100,,1164,1,,,0,100,,1167,1,,,0,100,,1161,1,,,0,100,,1162,1,,,0,100,,1163,1,,,0,100,,1174,1,,,0,100,,1173,1,,,0,100,,1172,1,,,0,100,,1171,1,,,0,100,,1170,1,,,0,100,,1168,1,,,0,100,,1169,1,,,0
500,'5102',708,,1177,1,,,0,28,,1186,1,,,0,65,,1176,1,,,0,35,,1187,1,,,0,65,,1175,1,,,0,35,,1188,1,,,0,100,,1192,1,,,0,100,,1193,1,,,0,100,,1189,1,,,0,100,,1190,1,,,0,100,,1191,1,,,0,100,,1181,1,,,0,70,,1195,1,,,0,30,,1179,1,,,0,70,,1178,1,,,0,30,,1180,1,,,0,70,,1196,1,,,0,30,,1184,1,,,0,100,,1182,1,,,0,100,,1183,1,,,0,100,,1185,1,,,0,100,,1194,1,,,0
500,'5105',738,,1198,1,,,0,98,,1202,1,,,0,100,,1199,1,,,0,100,,1206,1,,,0,100,,1197,1,,,0,100,,1207,1,,,0,100,,1211,1,,,0,100,,1210,1,,,0,100,,1200,1,,,0,100,,1208,1,,,0,100,,1209,1,,,0,100,,1204,1,,,0,100,,1205,1,,,0,100,,1203,1,,,0,100,,1201,1,,,0
501,'5101',735,,1219,10,4,,0,98,,1218,25,4,,0,100,,1213,25,4,,0,100,,1212,25,4,,0,100,,1215,25,4,,0,100,,1217,25,4,,0,100,,1216,25,4,,0,100,,1214,25,4,,0,100,,1226,25,4,,0,100,,1225,25,4,,0,100,,1224,25,4,,0,100,,1223,25,4,,0,100,,1222,25,4,,0,100,,1220,25,4,,0,100,,1221,25,4,,0
501,'5102',708,,1227,10,4,,0,24,,1238,25,4,,0,68,,1229,25,4,,0,33,,1239,25,4,,0,68,,1230,25,4,,0,32,,1240,25,4,,0,100,,1237,25,4,,0,100,,1242,25,4,,0,100,,1244,25,4,,0,100,,1241,25,4,,0,100,,1245,25,4,,0,100,,1243,25,4,,0,70,,1247,25,4,,0,30,,1246,25,4,,0,70,,1228,25,4,,0,30,,1233,25,4,,0,68,,1248,25,4,,0,31,,1235,25,4,,0,100,,1234,25,4,,0,100,,1232,25,4,,0,100,,1231,25,4,,0,99,,1236,25,4,,0
501,'5105',735,,1260,10,4,,0,98,,1259,25,4,,0,100,,1250,25,4,,0,100,,1261,25,4,,0,100,,1256,25,4,,0,100,,1262,25,4,,0,100,,1249,25,4,,0,100,,1258,25,4,,0,100,,1252,25,4,,0,100,,1263,25,4,,0,100,,1257,25,4,,0,100,,1253,25,4,,0,100,,1251,25,4,,0,100,,1254,25,4,,0,100,,1255,25,4,,0
5500,'5101',900,,1772,1,0,18,0,100,,1778,1,0,18,0,100,,1769,1,0,18,0,100,,1771,1,0,18,0,100,,1773,1,0,18,0,100,,1768,1,0,18,0,100,,1774,1,0,18,0,100,,1770,1,0,18,0,100,,1777,1,0,18,0,100,,1776,1,0,18,0,100,,1775,1,0,18,0
5500,'5102',729,,1805,22,4,,0,79,,1779,35,4,,0,1,,1801,1,0,18,0,19,,1811,35,4,,0,1,,1806,1,0,18,0,79,,1781,35,4,,0,1,,1800,1,0,18,0,19,,1786,35,4,,0,1,,1812,1,0,18,0,99,,1807,35,4,,0,1,,1790,1,0,18,0,100,,1782,1,0,18,0,100,,1814,1,0,18,0,100,,1813,1,0,18,0,100,,1797,1,0,18,0,99,,1802,1,0,18,0,103,,1785,1,0,18,0,72,,1799,1,0,18,0,29,,1787,1,0,18,0,72,,1816,1,0,18,0,28,,1788,1,0,18,0,70,,1798,35,4,,0,2,,1817,1,0,18,0,26,,1792,1,0,18,0,100,,1796,1,0,18,0
5500,'5105',752,,1818,1,0,18,0,148,,1819,1,0,18,0,100,,1824,1,0,18,0,100,,1821,1,0,18,0,100,,1823,1,0,18,0,100,,1822,1,0,18,0,100,,1820,1,0,18,0,100,,1831,1,0,18,0,100,,1827,1,0,18,0,100,,1832,1,0,18,0,100,,1828,1,0,18,0,100,,1826,1,0,18,0,100,,1830,1,0,18,0,100,,1825,1,0,18,0,100,,1829,1,0,18,0
5501,'5101',900,,1839,36,4,,0,100,,1841,36,4,,0,100,,1840,36,4,,0,100,,1842,36,4,,0,100,,1835,36,4,,0,100,,1843,36,4,,0,100,,1837,36,4,,0,100,,1834,36,4,,0,100,,1833,36,4,,0,100,,1838,36,4,,0,100,,1836,36,4,,0
5501,'5105',752,,1845,22,4,,0,148,,1847,35,4,,0,100,,1850,35,4,,0,100,,1848,35,4,,0,100,,1846,35,4,,0,100,,1852,35,4,,0,100,,1849,35,4,,0,100,,1851,35,4,,0,100,,1856,35,4,,0,100,,1855,35,4,,0,100,,1853,35,4,,0,100,,1844,35,4,,0,100,,1858,35,4,,0,100,,1857,35,4,,0,100,,1854,35,4,,0
8900,'5101',807,,1956,16,,,0,100,,1954,16,,,0,100,,1945,16,,,0,100,,1947,16,,,0,100,,1946,16,,,0,30,,1966,16,,,0,70,,1948,16,,,0,30,,1964,16,,,0,70,,1949,16,,,0,30,,1962,16,,,0,70,,1950,16,,,0,30,,1963,16,,,0,70,,1951,16,,,0,30,,1967,16,,,0,70,,1953,16,,,0,100,,1955,16,,,0,100,,1952,16,,,0,100,,1959,16,,,0,100,,1961,16,,,0,100,,1958,16,,,0,100,,1960,16,4,,0
8900,'5102',717,,1980,16,,,0,20,,1997,16,,,0,22,,1982,16,,,0,59,,1987,16,,,0,19,,1996,16,,,0,22,,1983,16,,,0,59,,1984,16,,,0,19,,1971,16,,,0,70,,1981,16,,,0,30,,1991,16,,,0,70,,1969,16,,,0,30,,1970,16,,,0,70,,1978,16,,,0,30,,1994,16,,,0,70,,1968,16,,,0,30,,1973,16,,,0,70,,1979,16,,,0,30,,1993,16,,,0,18,,2002,16,,,0,59,,1972,16,,,0,23,,1974,16,,,0,18,,2003,16,,,0,59,,1986,16,,,0,23,,1992,16,,,0,70,,1988,16,,,0,30,,1977,16,,,0,70,,1990,16,,,0,30,,1985,16,,,0,70,,1999,16,,,0,30,,1976,16,,,0,100,,1995,16,,,0,100,,1975,16,,,0,100,,1989,16,4,,0
8900,'5105',737,,2031,16,,,0,70,,2004,16,,,0,30,,2030,16,,,0,70,,2005,16,,,0,30,,2029,16,,,0,70,,2006,16,,,0,30,,2026,16,,,0,70,,2007,16,,,0,30,,2025,16,,,0,70,,2009,16,,,0,30,,2021,16,,,0,70,,2011,16,,,0,30,,2023,16,,,0,70,,2008,16,,,0,30,,2024,16,,,0,70,,2014,16,,,0,30,,2027,16,,,0,70,,2015,16,,,0,30,,2028,16,,,0,70,,2010,16,,,0,30,,2032,16,,,0,70,,2013,16,,,0,30,,2033,16,,,0,70,,2012,16,,,0,100,,2016,16,,,0,100,,2017,16,,,0,100,,2018,16,,,0,100,,2019,16,4,,0
16101,'5105',1516,,2123,4,,,0
16101,'5122',1516,,2124,4,,,0
