100,'5101',903,,1112,1,,,0,29,,1112,44,4,,0,71,,1113,1,,,0,29,,1113,44,4,,0,71,,1115,1,,,0,29,,1115,44,4,,0,71,,1114,1,,,0,29,,1114,44,4,,0,71,,1116,1,,,0,29,,1116,44,4,,0,71,,1117,1,,,0,29,,1117,44,4,,0,71,,1118,1,,,0,29,,1118,44,4,,0,71,,1120,1,,,0,29,,1120,44,4,,0,71,,1119,1,,,0,29,,1119,44,4,,0,71,,1121,1,,,0,29,,1121,44,4,,0
100,'5102',603,,1143,1,,,0,29,,1143,44,4,,0,101,,1122,1,,,0,69,,1122,44,4,,0,1,,1136,1,,,0,29,,1136,44,4,,0,1,,1129,1,,,0,69,,1129,44,4,,0,1,,1124,1,,,0,29,,1124,44,4,,0,1,,1137,1,,,0,69,,1137,44,4,,0,1,,1132,1,,,0,29,,1132,44,4,,0,1,,1131,1,,,0,69,,1131,44,4,,0,31,,1123,1,,,0,69,,1123,44,4,,0,31,,1142,1,,,0,69,,1142,44,4,,0,31,,1125,1,,,0,69,,1125,44,4,,0,31,,1133,1,,,0,69,,1133,44,4,,0,31,,1126,1,,,0,69,,1126,44,4,,0,1,,1134,1,,,0,29,,1134,44,4,,0,1,,1127,1,,,0,69,,1127,44,4,,0,1,,1140,1,,,0,29,,1140,44,4,,0,1,,1138,1,,,0,69,,1138,44,4,,0,1,,1128,1,,,0,29,,1128,44,4,,0,71,,1135,1,,,0,29,,1135,44,4,,0,71,,1130,1,,,0,29,,1130,44,4,,0,71,,1139,1,,,0,29,,1139,44,4,,0,71,,1141,1,,,0,29,,1141,44,4,,0,1,,1144,1,,,0,69,,1144,44,4,,0
100,'5105',703,,1145,1,,,0,29,,1145,44,4,,0,71,,1146,1,,,0,29,,1146,44,4,,0,71,,1147,1,,,0,29,,1147,44,4,,0,71,,1148,1,,,0,29,,1148,44,4,,0,71,,1149,1,,,0,29,,1149,44,4,,0,71,,1150,1,,,0,29,,1150,44,4,,0,71,,1151,1,,,0,29,,1151,44,4,,0,71,,1152,1,,,0,29,,1152,44,4,,0,71,,1153,1,,,0,29,,1153,44,4,,0,71,,1154,1,,,0,29,,1154,44,4,,0,71,,1155,1,,,0,29,,1155,44,4,,0,71,,1156,1,,,0,29,,1156,44,4,,0,71,,1157,1,,,0,29,,1157,44,4,,0,71,,1159,1,,,0,29,,1159,44,4,,0,71,,1158,1,,,0,29,,1158,44,4,,0
500,'5101',754,,1166,22,,,0,98,,1160,22,,,0,100,,1165,22,,,0,100,,1164,22,,,0,100,,1167,22,,,0,100,,1161,22,,,0,100,,1162,22,,,0,100,,1163,22,,,0,100,,1174,22,,,0,100,,1173,22,,,0,100,,1172,22,,,0,100,,1171,22,,,0,100,,1170,22,,,0,100,,1168,22,,,0,100,,1169,22,,,0
500,'5102',724,,1177,22,,,0,28,,1186,22,,,0,65,,1176,22,,,0,35,,1187,22,,,0,65,,1175,22,,,0,35,,1188,22,,,0,100,,1192,22,,,0,100,,1193,22,,,0,100,,1189,22,,,0,100,,1190,22,,,0,100,,1191,22,,,0,100,,1181,22,,,0,70,,1195,22,,,0,30,,1179,22,,,0,70,,1178,22,,,0,30,,1180,22,,,0,70,,1196,22,,,0,30,,1184,22,,,0,100,,1182,22,,,0,100,,1183,22,,,0,100,,1185,22,,,0,100,,1194,22,,,0
500,'5105',754,,1198,22,,,0,98,,1202,22,,,0,100,,1199,22,,,0,100,,1206,22,,,0,100,,1197,22,,,0,100,,1207,22,,,0,100,,1211,22,,,0,100,,1210,22,,,0,100,,1200,22,,,0,100,,1208,22,,,0,100,,1209,22,,,0,100,,1204,22,,,0,100,,1205,22,,,0,100,,1203,22,,,0,100,,1201,22,,,0
1101,'5102',703,,1398,1,,,0,29,,1398,44,4,,0,1,,1397,1,,,0,69,,1397,44,4,,0,1,,1392,1,,,0,29,,1392,44,4,,0,1,,1403,1,,,0,69,,1403,44,4,,0,1,,1399,1,,,0,29,,1399,44,4,,0,1,,1393,1,,,0,69,,1393,44,4,,0,1,,1404,1,,,0,29,,1404,44,4,,0,71,,1394,1,,,0,29,,1394,44,4,,0,71,,1407,1,,,0,29,,1407,44,4,,0,71,,1400,1,,,0,29,,1400,44,4,,0,71,,1395,1,,,0,29,,1395,44,4,,0,71,,1402,1,,,0,24,,1406,2,,,0,5,,1402,44,4,,0,22,,1406,45,4,,0,49,,1409,1,,,0,29,,1409,44,4,,0,1,,1405,1,,,0,69,,1405,44,4,,0,1,,1396,1,,,0,29,,1396,44,4,,0,1,,1408,1,,,0,69,,1408,44,4,,0,1,,1401,1,,,0,29,,1401,44,4,,0,1,,1410,1,,,0,69,,1410,44,4,,0
1101,'5105',733,,1411,1,,,0,69,,1411,44,4,,0,31,,1412,1,,,0,69,,1412,44,4,,0,31,,1413,1,,,0,69,,1413,44,4,,0,31,,1414,1,,,0,69,,1414,44,4,,0,31,,1415,1,,,0,69,,1415,44,4,,0,31,,1416,1,,,0,69,,1416,44,4,,0,31,,1417,1,,,0,69,,1417,44,4,,0,31,,1418,1,,,0,69,,1418,44,4,,0,31,,1419,1,,,0,69,,1419,44,4,,0,31,,1420,1,,,0,69,,1420,44,4,,0,31,,1421,1,,,0,69,,1421,44,4,,0
5500,'5102',713,,1805,1,0,5 6,0,36,9,1779,14,0,5 6,0,60,9,1811,14,0,5 6,0,40,9,1781,14,0,5 6,0,60,9,1786,14,0,5 6,0,100,9,1807,14,0,5 6,0,101,9,1808,14,0,5 6,0,100,9,1810,14,0,5 6,0,100,9,1809,14,0,5 6,0,100,9,1815,14,0,5 6,0,99,9,1789,14,0,5 6,0,103,9,1783,14,0,5 6,0,32,9,1794,14,0,5 6,0,69,9,1780,14,0,5 6,0,32,9,1803,14,0,5 6,0,68,9,1784,14,0,5 6,0,30,9,1798,14,0,5 6,0,68,9,1793,14,0,5 6,0,100,9,1791,14,0,5 6,0,98,9,1795,14,0,15,0
5501,'5101',841,9,1839,15,,,0,100,9,1841,15,,,0,100,9,1840,15,,,0,100,9,1842,15,,,0,100,9,1835,15,,,0,100,9,1843,15,,,0,100,9,1837,15,,,0,100,9,1834,15,,,0,100,9,1833,15,,,0,100,9,1838,15,,,0,100,9,1836,15,,,0
5501,'5105',735,,1845,1,,,0,106,9,1847,14,,,0,100,9,1850,14,,,0,100,9,1848,14,,,0,100,9,1846,14,,,0,100,9,1852,14,,,0,100,9,1849,14,,,0,100,9,1851,14,,,0,100,9,1856,14,,,0,100,9,1855,14,,,0,100,9,1853,14,,,0,100,9,1844,14,,,0,100,9,1858,14,,,0,100,9,1857,14,,,0,100,9,1854,14,,,0
8801,'5101',711,8,1871,14,,,0,100,8,1870,14,,,0,100,8,1866,14,,,0,100,8,1860,14,,,0,100,8,1861,14,,,0,30,8,1880,14,,,0,70,8,1862,14,,,0,30,8,1879,14,,,0,70,8,1863,14,,,0,30,8,1876,14,,,0,70,8,1864,14,,,0,30,8,1877,14,,,0,70,8,1859,14,,,0,30,8,1878,14,,,0,70,8,1865,14,,,0,30,8,1881,14,,,0,70,8,1867,14,,,0,100,8,1868,14,,,0,100,8,1869,14,,,0,100,8,1872,14,,,0,100,8,1873,14,,,0,100,8,1874,14,,,0,92,,1875,14,0,5 6,0
8801,'5102',641,8,1911,14,,,0,70,8,1904,14,,,0,30,8,1913,14,,,0,62,48,1899,14,,,0,20,8,1905,14,,,0,18,8,1910,14,,,0,63,48,1903,14,,,0,19,8,1906,14,,,0,18,8,1912,14,,,0,70,8,1884,14,,,0,30,8,1892,14,,,0,70,8,1898,14,,,0,30,8,1914,14,,,0,70,8,1885,14,,,0,30,8,1893,14,,,0,70,8,1901,14,,,0,30,8,1897,14,,,0,70,8,1882,14,,,0,30,8,1891,14,,,0,18,8,1915,14,,,0,60,8,1900,14,,,0,22,8,1907,14,,,0,18,8,1895,14,,,0,60,8,1889,14,,,0,22,8,1883,14,,,0,18,8,1916,14,,,0,60,8,1909,14,,,0,22,8,1908,14,,,0,70,8,1890,14,,,0,30,8,1888,14,,,0,70,8,1896,14,,,0,30,8,1902,14,,,0,100,8,1886,14,,,0,100,8,1894,14,,,0,93,,1887,14,0,5 6,0
8801,'5105',711,8,1917,14,,,0,30,8,1941,14,,,0,70,8,1919,14,,,0,30,8,1940,14,,,0,70,8,1921,14,,,0,30,8,1936,14,,,0,70,8,1922,14,,,0,30,8,1938,14,,,0,70,8,1918,14,,,0,30,8,1937,14,,,0,70,8,1924,14,,,0,30,8,1939,14,,,0,70,8,1925,14,,,0,30,8,1934,14,,,0,70,8,1923,14,,,0,30,8,1944,14,,,0,70,8,1926,14,,,0,30,8,1935,14,,,0,70,8,1927,14,,,0,30,8,1942,14,,,0,70,8,1920,14,,,0,30,8,1943,14,,,0,70,8,1929,14,,,0,100,8,1930,14,,,0,100,8,1931,14,,,0,100,8,1928,14,,,0,100,8,1932,14,,,0,92,,1933,14,0,5 6,0
