4600,'5101',909,,1672,1,,,0,100,,1673,1,,,0,100,,1664,1,,,0,100,,1666,1,,,0,100,,1668,1,,,0,100,,1663,1,,,0,100,,1670,1,,,0,100,,1671,1,,,0,100,,1667,1,,,0,100,,1669,1,,,0,100,,1665,1,,,0
4600,'5102',736,,1681,1,,,0,100,,1682,1,,,0,100,,1683,1,,,0,100,,1685,1,,,0,100,,1684,1,,,0,100,,1686,1,,,0,100,,1687,1,,,0,100,,1674,1,,,0,100,,1675,1,,,0,100,,1676,1,,,0,100,,1677,1,,,0,100,,1678,1,,,0,100,,1680,1,,,0,100,,1679,1,,,0
4600,'5105',809,,1688,1,,,0,100,,1697,1,,,0,100,,1701,1,,,0,100,,1693,1,,,0,100,,1690,1,,,0,100,,1694,1,,,0,100,,1696,1,,,0,100,,1698,1,,,0,100,,1691,1,,,0,100,,1699,1,,,0,100,,1695,1,,,0,100,,1689,1,,,0,100,,1700,1,,,0,100,,1692,1,0,19,0
4601,'5101',909,,1708,32,4,,0,100,,1707,32,4,,0,100,,1709,32,4,,0,100,,1706,32,4,,0,100,,1705,32,4,,0,100,,1704,32,4,,0,100,,1702,32,4,,0,100,,1712,32,4,,0,100,,1711,32,4,,0,100,,1703,32,4,,0,100,,1710,32,4,,0
4601,'5102',732,,1719,32,4,,0,100,,1720,32,4,,0,100,,1721,32,4,,0,100,,1723,32,4,,0,100,,1724,32,4,,0,100,,1722,32,4,,0,100,,1725,32,4,,0,100,,1726,32,4,,0,100,,1718,32,4,,0,101,,1713,32,4,,0,100,,1715,32,4,,0,98,,1714,32,4,,0,100,,1716,32,4,,0,100,,1717,32,4,,0
4601,'5105',809,,1739,32,4,,0,100,,1729,32,4,,0,100,,1740,32,4,,0,100,,1727,32,4,,0,100,,1738,32,4,,0,100,,1733,32,4,,0,100,,1734,32,4,,0,100,,1735,32,4,,0,100,,1728,32,4,,0,100,,1736,32,4,,0,100,,1730,32,4,,0,100,,1737,32,4,,0,100,,1732,32,4,,0,100,,1731,32,4,,0
4700,'5102',707,,1754,1,,,0,100,,1742,1,,,0,100,,1752,1,,,0,100,,1748,1,,,0,100,,1751,1,,,0,100,,1753,1,,,0,100,,1741,1,,,0,100,,1750,1,,,0,100,,1743,1,,,0,100,,1749,1,,,0,100,,1745,1,,,0,100,,1746,1,,,0,100,,1747,1,,,0,100,,1744,1,,,0
4701,'5102',803,,1763,18,4,,0,100,,1764,18,4,,0,100,,1767,18,4,,0,100,,1762,18,4,,0,100,,1765,18,4,,0,100,,1766,18,4,,0,100,,1755,18,4,,0,100,,1760,18,4,,0,100,,1758,18,4,,0,100,,1757,18,4,,0,100,,1761,18,4,,0,100,,1756,18,4,,0,100,,1759,18,4,,0
8801,'5101',727,,1871,23,,,0,100,,1870,23,,,0,100,,1866,23,,,0,100,,1860,23,,,0,100,,1861,23,,,0,30,,1880,23,,,0,70,,1862,23,,,0,30,,1879,23,,,0,70,,1863,23,,,0,30,,1876,23,,,0,70,,1864,23,,,0,30,,1877,23,,,0,70,,1859,23,,,0,30,,1878,23,,,0,70,,1865,23,,,0,30,,1881,23,,,0,70,,1867,23,,,0,100,,1868,23,,,0,100,,1869,23,,,0,100,,1872,23,,,0,100,,1873,23,,,0,100,,1874,23,,,0,90,,1875,23,4,,0
8801,'5102',657,,1911,23,,,0,70,,1904,23,,,0,30,,1913,23,,,0,62,,1899,23,,,0,20,,1905,23,,,0,18,,1910,23,,,0,63,,1903,23,,,0,19,,1906,23,,,0,18,,1912,23,,,0,70,,1884,23,,,0,30,,1892,23,,,0,70,,1898,23,,,0,30,,1914,23,,,0,70,,1885,23,,,0,30,,1893,23,,,0,70,,1901,23,,,0,30,,1897,23,,,0,70,,1882,23,,,0,30,,1891,23,,,0,58,,1915,23,,,0,20,,1900,23,,,0,22,,1907,23,,,0,58,,1895,23,,,0,20,,1889,23,,,0,22,,1883,23,,,0,58,,1916,23,,,0,20,,1909,23,,,0,22,,1908,23,,,0,70,,1890,23,,,0,30,,1888,23,,,0,70,,1896,23,,,0,30,,1902,23,,,0,100,,1886,23,,,0,100,,1894,23,,,0,91,,1887,23,4,,0
8801,'5105',727,,1917,23,,,0,30,,1941,23,,,0,70,,1919,23,,,0,30,,1940,23,,,0,70,,1921,23,,,0,30,,1936,23,,,0,70,,1922,23,,,0,30,,1938,23,,,0,70,,1918,23,,,0,30,,1937,23,,,0,70,,1924,23,,,0,30,,1939,23,,,0,70,,1925,23,,,0,30,,1934,23,,,0,70,,1923,23,,,0,30,,1944,23,,,0,70,,1926,23,,,0,30,,1935,23,,,0,70,,1927,23,,,0,30,,1942,23,,,0,70,,1920,23,,,0,30,,1943,23,,,0,70,,1929,23,,,0,100,,1930,23,,,0,100,,1931,23,,,0,100,,1928,23,,,0,100,,1932,23,,,0,90,,1933,23,4,,0
16100,'5105',1106,,2121,29,,,0
16100,'5122',1106,,2122,29,,,0
