55019,'5014',752,,2794,29,4,,0,80,,2792,29,4,,0,20,,2795,29,4,,0,80,,2791,29,4,,0,20,,2796,29,4,,0,100,,2786,29,4,,0,100,,2782,29,4,,0,100,,2798,29,4,,0,100,,2797,29,4,,0,98,,2789,29,4,,0,104,,2793,29,4,,0,101,,2783,29,4,,0,72,,2790,29,4,,0,29,,2784,29,4,,0,70,,2799,29,4,,0,28,,2785,29,4,,0,71,,2800,29,4,,0,26,,2787,29,4,,0,100,,2788,29,4,,0
55019,'5015',813,,2801,29,4,,0,108,,2802,29,4,,0,100,,2807,29,4,,0,100,,2804,29,4,,0,100,,2806,29,4,,0,100,,2805,29,4,,0,100,,2803,29,4,,0,100,,2814,29,4,,0,100,,2810,29,4,,0,100,,2815,29,4,,0,100,,2811,29,4,,0,100,,2809,29,4,,0,100,,2813,29,4,,0,100,,2808,29,4,,0,100,,2812,29,4,,0
55019,'5221',921,,2820,29,4,,0,100,,2826,29,4,,0,100,,2818,29,4,,0,100,,2819,29,4,,0,100,,2821,29,4,,0,100,,2817,29,4,,0,100,,2822,29,4,,0,100,,2816,29,4,,0,100,,2825,29,4,,0,100,,2824,29,4,,0,100,,2823,29,4,,0
55029,'5014',732,,2827,1,,,0,20,,2845,1,,,0,80,,2829,1,,,0,20,,2832,1,,,0,100,,2841,1,,,0,100,,2842,1,,,0,100,,2844,1,,,0,100,,2843,1,,,0,100,,2846,1,,,0,98,,2833,1,,,0,104,,2830,1,,,0,72,,2836,1,,,0,29,,2828,1,,,0,72,,2839,1,,,0,29,,2831,1,,,0,70,,2838,1,,,0,28,,2835,1,,,0,100,,2834,1,,,0,98,,2837,1,0,11,0
55029,'5015',822,,2850,1,,,0,100,,2853,1,,,0,100,,2851,1,,,0,100,,2849,1,,,0,100,,2855,1,,,0,100,,2852,1,,,0,100,,2854,1,,,0,100,,2859,1,,,0,100,,2858,1,,,0,100,,2856,1,,,0,100,,2847,1,,,0,100,,2861,1,,,0,100,,2860,1,,,0,100,,2857,1,,,0
55029,'5221',822,,2868,1,,,0,100,,2870,1,,,0,100,,2869,1,,,0,100,,2871,1,,,0,100,,2864,1,,,0,100,,2872,1,,,0,100,,2866,1,,,0,100,,2863,1,,,0,100,,2862,1,,,0,100,,2867,1,,,0,100,,2865,1,,,0
16100,'5015',1122,,3125,32,4,,0
16100,'5212',1122,,3126,32,4,,0
16101,'5015',1500,,3127,1,,,0
16101,'5212',1500,,3128,1,,,0
