501,'4327',729,,1219,4,,,0,98,,1218,19,,,0,100,,1213,19,,,0,100,,1212,19,,,0,100,,1215,19,,,0,100,,1217,19,,,0,100,,1216,19,,,0,100,,1214,19,,,0,100,,1226,19,,,0,100,,1225,19,,,0,100,,1224,19,,,0,100,,1223,19,,,0,100,,1222,19,,,0,100,,1220,19,,,0,100,,1221,19,,,0
501,'4795',702,,116,4,,,0,24,,127,19,,,0,28,,118,19,,,0,73,,128,19,,,0,28,,119,19,,,0,72,,129,19,,,0,100,,126,19,,,0,100,,131,19,,,0,100,,133,19,,,0,100,,130,19,,,0,100,,134,19,,,0,100,,132,19,,,0,30,,136,19,,,0,70,,135,19,,,0,30,,117,19,,,0,70,,122,19,,,0,28,,137,19,,,0,71,,124,19,,,0,100,,123,19,,,0,100,,121,19,,,0,100,,120,19,,,0,100,,125,19,,,0
501,'4800',729,,149,4,,,0,98,,148,19,,,0,100,,139,19,,,0,100,,150,19,,,0,100,,145,19,,,0,100,,151,19,,,0,100,,138,19,,,0,100,,147,19,,,0,100,,141,19,,,0,100,,152,19,,,0,100,,146,19,,,0,100,,142,19,,,0,100,,140,19,,,0,100,,143,19,,,0,100,,144,19,,,0
501,'5102',702,,1227,4,,,0,24,,1238,19,,,0,28,,1229,19,,,0,73,,1239,19,,,0,28,,1230,19,,,0,72,,1240,19,,,0,100,,1237,19,,,0,100,,1242,19,,,0,100,,1244,19,,,0,100,,1241,19,,,0,100,,1245,19,,,0,100,,1243,19,,,0,30,,1247,19,,,0,70,,1246,19,,,0,30,,1228,19,,,0,70,,1233,19,,,0,28,,1248,19,,,0,71,,1235,19,,,0,100,,1234,19,,,0,100,,1232,19,,,0,100,,1231,19,,,0,100,,1236,19,,,0
501,'5105',729,,1260,4,,,0,98,,1259,19,,,0,100,,1250,19,,,0,100,,1261,19,,,0,100,,1256,19,,,0,100,,1262,19,,,0,100,,1249,19,,,0,100,,1258,19,,,0,100,,1252,19,,,0,100,,1263,19,,,0,100,,1257,19,,,0,100,,1253,19,,,0,100,,1251,19,,,0,100,,1254,19,,,0,100,,1255,19,,,0
4601,'4327',900,,1708,26,,,0,100,,1707,26,,,0,100,,1709,26,,,0,100,,1706,26,,,0,100,,1705,26,,,0,100,,1704,26,,,0,100,,1702,26,,,0,100,,1712,26,,,0,100,,1711,26,,,0,100,,1703,26,,,0,100,,1710,26,,,0
4601,'4795',725,,700,26,,,0,100,,701,26,,,0,100,,702,26,,,0,100,,703,26,,,0,100,,704,26,,,0,100,,705,26,,,0,100,,706,26,,,0,100,,707,26,,,0,100,,699,26,,,0,101,,694,26,,,0,100,,695,26,,,0,99,,696,26,,,0,100,,697,26,,,0,100,,698,26,,,0
4601,'4800',800,,720,26,,,0,100,,710,26,,,0,100,,721,26,,,0,100,,708,26,,,0,100,,719,26,,,0,100,,714,26,,,0,100,,715,26,,,0,100,,716,26,,,0,100,,709,26,,,0,100,,717,26,,,0,100,,711,26,,,0,100,,718,26,,,0,100,,713,26,,,0,100,,712,26,,,0
4601,'5102',725,,1719,26,,,0,100,,1720,26,,,0,100,,1721,26,,,0,100,,1723,26,,,0,100,,1724,26,,,0,100,,1722,26,,,0,100,,1725,26,,,0,100,,1726,26,,,0,100,,1718,26,,,0,101,,1713,26,,,0,100,,1715,26,,,0,99,,1714,26,,,0,100,,1716,26,,,0,100,,1717,26,,,0
4601,'5105',800,,1739,26,,,0,100,,1729,26,,,0,100,,1740,26,,,0,100,,1727,26,,,0,100,,1738,26,,,0,100,,1733,26,,,0,100,,1734,26,,,0,100,,1735,26,,,0,100,,1728,26,,,0,100,,1736,26,,,0,100,,1730,26,,,0,100,,1737,26,,,0,100,,1732,26,,,0,100,,1731,26,,,0
8801,'4327',730,,1871,27,,,0,100,,1870,27,,,0,100,,1866,27,,,0,100,,1860,27,,,0,100,,1861,27,,,0,70,,1880,27,,,0,30,,1862,27,,,0,70,,1879,27,,,0,30,,1863,27,,,0,70,,1876,27,,,0,30,,1864,27,,,0,70,,1877,27,,,0,30,,1859,27,,,0,70,,1878,27,,,0,30,,1865,27,,,0,70,,1881,27,,,0,30,,1867,27,,,0,100,,1868,27,,,0,100,,1869,27,,,0,100,,1872,27,,,0,100,,1873,27,,,0,100,,1874,27,,,0
8801,'4795',700,,894,27,,,0,30,,887,27,,,0,70,,896,27,,,0,22,,882,27,,,0,20,,888,27,,,0,58,,893,27,,,0,23,,886,27,,,0,19,,889,27,,,0,58,,895,27,,,0,30,,866,27,,,0,70,,875,27,,,0,30,,881,27,,,0,70,,897,27,,,0,30,,867,27,,,0,70,,876,27,,,0,30,,884,27,,,0,70,,880,27,,,0,30,,865,27,,,0,70,,874,27,,,0,18,,898,27,,,0,20,,883,27,,,0,62,,890,27,,,0,18,,878,27,,,0,20,,872,27,,,0,62,,868,27,,,0,18,,899,27,,,0,20,,892,27,,,0,62,,891,27,,,0,30,,873,27,,,0,70,,871,27,,,0,30,,879,27,,,0,70,,885,27,,,0,100,,869,27,,,0,100,,877,27,,,0
8801,'4800',730,,900,27,,,0,70,,924,27,,,0,30,,902,27,,,0,70,,923,27,,,0,30,,904,27,,,0,70,,919,27,,,0,30,,905,27,,,0,70,,921,27,,,0,30,,901,27,,,0,70,,920,27,,,0,30,,907,27,,,0,70,,922,27,,,0,30,,908,27,,,0,70,,917,27,,,0,30,,906,27,,,0,70,,927,27,,,0,30,,909,27,,,0,70,,918,27,,,0,30,,910,27,,,0,70,,925,27,,,0,30,,903,27,,,0,70,,926,27,,,0,30,,912,27,,,0,100,,913,27,,,0,100,,914,27,,,0,100,,911,27,,,0,100,,915,27,,,0
8801,'5102',700,,1911,27,,,0,30,,1904,27,,,0,70,,1913,27,,,0,22,,1899,27,,,0,20,,1905,27,,,0,58,,1910,27,,,0,23,,1903,27,,,0,19,,1906,27,,,0,58,,1912,27,,,0,30,,1884,27,,,0,70,,1892,27,,,0,30,,1898,27,,,0,70,,1914,27,,,0,30,,1885,27,,,0,70,,1893,27,,,0,30,,1901,27,,,0,70,,1897,27,,,0,30,,1882,27,,,0,70,,1891,27,,,0,18,,1915,27,,,0,20,,1900,27,,,0,62,,1907,27,,,0,18,,1895,27,,,0,20,,1889,27,,,0,62,,1883,27,,,0,18,,1916,27,,,0,20,,1909,27,,,0,62,,1908,27,,,0,30,,1890,27,,,0,70,,1888,27,,,0,30,,1896,27,,,0,70,,1902,27,,,0,100,,1886,27,,,0,100,,1894,27,,,0
8801,'5105',730,,1917,27,,,0,70,,1941,27,,,0,30,,1919,27,,,0,70,,1940,27,,,0,30,,1921,27,,,0,70,,1936,27,,,0,30,,1922,27,,,0,70,,1938,27,,,0,30,,1918,27,,,0,70,,1937,27,,,0,30,,1924,27,,,0,70,,1939,27,,,0,30,,1925,27,,,0,70,,1934,27,,,0,30,,1923,27,,,0,70,,1944,27,,,0,30,,1926,27,,,0,70,,1935,27,,,0,30,,1927,27,,,0,70,,1942,27,,,0,30,,1920,27,,,0,70,,1943,27,,,0,30,,1929,27,,,0,100,,1930,27,,,0,100,,1931,27,,,0,100,,1928,27,,,0,100,,1932,27,,,0
