500,'4327',739,,1166,2,,,0,98,,1160,2,,,0,100,,1165,2,,,0,100,,1164,2,,,0,100,,1167,2,,,0,100,,1161,2,,,0,100,,1162,2,,,0,100,,1163,2,,,0,100,,1174,2,,,0,100,,1173,2,,,0,100,,1172,2,,,0,100,,1171,2,,,0,100,,1170,2,,,0,100,,1168,2,,,0,100,,1169,2,,,0
500,'4795',709,,66,2,,,0,28,,75,2,,,0,65,,65,2,,,0,35,,76,2,,,0,65,,64,2,,,0,35,,77,2,,,0,100,,81,2,,,0,100,,82,2,,,0,100,,78,2,,,0,100,,79,2,,,0,100,,80,2,,,0,100,,70,2,,,0,70,,84,2,,,0,30,,68,2,,,0,70,,67,2,,,0,30,,69,2,,,0,70,,85,2,,,0,30,,72,2,,,0,100,,73,2,,,0,100,,71,2,,,0,100,,74,2,,,0,100,,83,2,,,0
500,'4800',739,,87,2,,,0,98,,91,2,,,0,100,,88,2,,,0,100,,95,2,,,0,100,,86,2,,,0,100,,96,2,,,0,100,,100,2,,,0,100,,99,2,,,0,100,,89,2,,,0,100,,97,2,,,0,100,,98,2,,,0,100,,93,2,,,0,100,,94,2,,,0,100,,92,2,,,0,100,,90,2,,,0
500,'5102',709,,1177,2,,,0,28,,1186,2,,,0,65,,1176,2,,,0,35,,1187,2,,,0,65,,1175,2,,,0,35,,1188,2,,,0,100,,1192,2,,,0,100,,1193,2,,,0,100,,1189,2,,,0,100,,1190,2,,,0,100,,1191,2,,,0,100,,1181,2,,,0,70,,1195,2,,,0,30,,1179,2,,,0,70,,1178,2,,,0,30,,1180,2,,,0,70,,1196,2,,,0,30,,1184,2,,,0,100,,1182,2,,,0,100,,1183,2,,,0,100,,1185,2,,,0,100,,1194,2,,,0
500,'5105',739,,1198,2,,,0,98,,1202,2,,,0,100,,1199,2,,,0,100,,1206,2,,,0,100,,1197,2,,,0,100,,1207,2,,,0,100,,1211,2,,,0,100,,1210,2,,,0,100,,1200,2,,,0,100,,1208,2,,,0,100,,1209,2,,,0,100,,1204,2,,,0,100,,1205,2,,,0,100,,1203,2,,,0,100,,1201,2,,,0
4700,'4795',708,,735,2,,,0,100,,723,2,,,0,100,,733,2,,,0,100,,729,2,,,0,100,,732,2,,,0,100,,734,2,,,0,100,,722,2,,,0,100,,731,2,,,0,100,,724,2,,,0,100,,730,2,,,0,100,,726,2,,,0,100,,727,2,,,0,100,,728,2,,,0,100,,725,2,,,0
4700,'5102',708,,1754,2,,,0,100,,1742,2,,,0,100,,1752,2,,,0,100,,1748,2,,,0,100,,1751,2,,,0,100,,1753,2,,,0,100,,1741,2,,,0,100,,1750,2,,,0,100,,1743,2,,,0,100,,1749,2,,,0,100,,1745,2,,,0,100,,1746,2,,,0,100,,1747,2,,,0,100,,1744,2,,,0
5500,'4327',901,,1772,2,0,18,0,100,,1778,2,0,18,0,100,,1769,2,0,18,0,100,,1771,2,0,18,0,100,,1773,2,0,18,0,100,,1768,2,0,18,0,100,,1774,2,0,18,0,100,,1770,2,0,18,0,100,,1777,2,0,18,0,100,,1776,2,0,18,0,100,,1775,2,0,18,0
5500,'4795',730,,785,2,0,18,0,80,,781,2,0,18,0,20,,787,2,0,18,0,80,,782,2,0,18,0,20,,793,2,0,18,0,100,,771,2,0,18,0,100,,763,2,0,18,0,100,,795,2,0,18,0,100,,794,2,0,18,0,100,,778,2,0,18,0,99,,783,2,0,18,0,72,,799,2,0,18,0,31,,766,2,0,18,0,72,,780,2,0,18,0,29,,768,2,0,18,0,72,,797,2,0,18,0,28,,769,2,0,18,0,72,,798,2,0,18,0,26,,773,2,0,18,0,100,,777,2,0,18,0
5500,'4800',753,,801,2,0,18,0,148,,802,2,0,18,0,100,,807,2,0,18,0,100,,804,2,0,18,0,100,,806,2,0,18,0,100,,805,2,0,18,0,100,,803,2,0,18,0,100,,814,2,0,18,0,100,,810,2,0,18,0,100,,815,2,0,18,0,100,,811,2,0,18,0,100,,809,2,0,18,0,100,,813,2,0,18,0,100,,808,2,0,18,0,100,,812,2,0,18,0
5500,'5102',730,,1804,2,0,18,0,80,,1801,2,0,18,0,20,,1806,2,0,18,0,80,,1800,2,0,18,0,20,,1812,2,0,18,0,100,,1790,2,0,18,0,100,,1782,2,0,18,0,100,,1814,2,0,18,0,100,,1813,2,0,18,0,100,,1797,2,0,18,0,99,,1802,2,0,18,0,103,,1785,2,0,18,0,72,,1799,2,0,18,0,29,,1787,2,0,18,0,72,,1816,2,0,18,0,28,,1788,2,0,18,0,72,,1817,2,0,18,0,26,,1792,2,0,18,0,100,,1796,2,0,18,0
5500,'5105',753,,1818,2,0,18,0,148,,1819,2,0,18,0,100,,1824,2,0,18,0,100,,1821,2,0,18,0,100,,1823,2,0,18,0,100,,1822,2,0,18,0,100,,1820,2,0,18,0,100,,1831,2,0,18,0,100,,1827,2,0,18,0,100,,1832,2,0,18,0,100,,1828,2,0,18,0,100,,1826,2,0,18,0,100,,1830,2,0,18,0,100,,1825,2,0,18,0,100,,1829,2,0,18,0
