1200,'4795',809,,313,39,0,20,0
1601,'4794',956,4,555,29,,,0,100,4,556,29,,,0,100,4,557,29,,,0,100,4,559,29,,,0,100,4,560,29,,,0,100,4,561,29,,,0,100,4,558,29,,,0,100,4,562,29,,,0,100,4,563,29,,,0
1601,'4795',726,,565,29,,,0,30,,566,29,,,0,100,,567,29,,,0,70,,574,29,,,0,100,,575,29,,,0,30,,568,29,,,0,100,,564,29,,,0,70,,577,29,,,0,100,,578,29,,,0,30,,570,29,,,0,100,,571,29,,,0,70,,576,29,,,0,100,,579,29,,,0,30,,569,29,,,0,100,,572,29,,,0,70,,580,29,,,0,100,,581,29,,,0,130,,573,29,,,0
1601,'4796',656,,582,26,0,17,0,173,,588,29,,,0,127,,585,29,,,0,170,,587,29,,,0,130,,583,29,,,0,170,,590,29,,,0,130,,584,29,,,0,170,,591,29,,,0,130,,589,29,,,0,170,,592,29,,,0,130,,586,29,,,0
1601,'4799',656,,593,26,0,17,0,173,,599,29,,,0,127,,596,29,,,0,170,,598,29,,,0,130,,594,29,,,0,170,,601,29,,,0,130,,595,29,,,0,170,,602,29,,,0,130,,600,29,,,0,170,,603,29,,,0,130,,597,29,,,0
1601,'4800',756,,606,26,0,17,0,100,4,607,29,,,0,100,4,605,29,,,0,70,4,620,29,,,0,30,4,604,29,,,0,70,4,622,29,,,0,30,4,612,29,,,0,70,4,623,29,,,0,30,4,613,29,,,0,70,4,624,29,,,0,30,4,608,29,,,0,70,4,621,29,,,0,30,4,610,29,,,0,70,4,625,29,,,0,30,4,614,29,,,0,70,4,626,29,,,0,30,4,615,29,,,0,100,4,616,29,,,0,100,4,609,29,,,0,100,4,617,29,,,0,100,4,618,29,,,0,100,4,619,29,,,0,66,,611,29,,,0
1900,'4794',921,,635,15,,,0,100,,627,15,,,0,100,,628,15,,,0,100,,629,15,,,0,100,,630,15,,,0,100,,631,15,,,0,100,,632,15,,,0,100,,633,15,,,0,100,,634,15,,,0,100,,636,15,,,0
1900,'4800',821,,637,15,,,0,100,,638,15,,,0,800,,639,15,,,0,100,,641,15,,,0,100,,640,15,,,0,100,,642,15,,,0,100,,643,15,,,0
8900,'4794',756,,939,3,,,0,100,,937,3,,,0,100,,928,3,,,0,100,,930,3,,,0,100,,929,3,,,0,70,,949,3,,,0,30,,931,3,,,0,70,,947,3,,,0,30,,932,3,,,0,70,,945,3,,,0,30,,933,3,,,0,70,,946,3,,,0,30,,934,3,,,0,70,,950,3,,,0,30,,936,3,,,0,100,,938,3,,,0,100,,935,3,,,0,100,,942,3,,,0,100,,944,3,,,0,100,,941,3,,,0,100,,943,3,0,5 6,0
8900,'4795',706,,963,3,,,0,20,,980,3,,,0,22,,965,3,,,0,59,,970,3,,,0,19,,979,3,,,0,22,,966,3,,,0,59,,967,3,,,0,19,,953,3,,,0,30,,964,3,,,0,70,,973,3,,,0,30,,952,3,,,0,70,,956,3,,,0,30,,961,3,,,0,70,,977,3,,,0,30,,951,3,,,0,70,,955,3,,,0,30,,962,3,,,0,70,,976,3,,,0,18,,985,3,,,0,59,,954,3,,,0,23,,957,3,,,0,18,,986,3,,,0,59,,968,3,,,0,23,,975,3,,,0,30,,974,3,,,0,70,,960,3,,,0,30,,972,3,,,0,70,,969,3,,,0,30,,982,3,,,0,70,,959,3,,,0,100,,978,3,,,0,100,,958,3,,,0,100,,971,3,0,5 6,0
8900,'4800',726,,1014,3,,,0,30,,987,3,,,0,70,,1013,3,,,0,30,,988,3,,,0,70,,1012,3,,,0,30,,989,3,,,0,70,,1009,3,,,0,30,,990,3,,,0,70,,1008,3,,,0,30,,992,3,,,0,70,,1004,3,,,0,30,,994,3,,,0,70,,1006,3,,,0,30,,991,3,,,0,70,,1007,3,,,0,30,,997,3,,,0,70,,1010,3,,,0,30,,998,3,,,0,70,,1011,3,,,0,30,,993,3,,,0,70,,1015,3,,,0,30,,996,3,,,0,70,,1016,3,,,0,30,,995,3,,,0,100,,999,3,,,0,100,,1000,3,,,0,100,,1001,3,,,0,100,,1002,3,0,5 6,0
