1001,'4327',949,,1329,4,,,0,100,,1330,4,,,0,100,,1331,4,,,0,100,,1332,4,,,0,100,,1334,4,,,0,100,,1333,4,,,0,100,,1335,4,,,0,100,,1336,4,,,0,100,,1337,4,,,0,100,,1338,4,,,0
1001,'4795',649,,255,4,,,0,70,,242,4,,,0,30,,243,4,,,0,72,,233,4,,,0,28,,229,4,,,0,70,,247,4,,,0,30,,236,4,,,0,70,,228,4,,,0,30,,250,4,,,0,70,,237,4,,,0,30,,253,4,,,0,70,,238,4,,,0,30,,254,4,,,0,70,,251,4,,,0,30,,230,4,,,0,70,,231,4,,,0,30,,256,4,,,0,70,,239,4,,,0,30,,244,4,,,0,70,,232,4,,,0,30,,240,4,,,0,70,,248,4,,,0,30,,234,4,,,0,70,,246,4,,,0,30,,241,4,,,0,70,,235,4,,,0,30,,252,4,,,0,100,,245,4,,,0,100,,249,4,,,0
1001,'4800',749,,257,4,,,0,70,,258,4,,,0,30,,262,4,,,0,70,,261,4,,,0,30,,260,4,,,0,70,,259,4,,,0,30,,263,4,,,0,70,,264,4,,,0,30,,265,4,,,0,70,,267,4,,,0,30,,266,4,,,0,70,,268,4,,,0,30,,270,4,,,0,70,,269,4,,,0,30,,271,4,,,0,70,,272,4,,,0,30,,273,4,,,0,70,,275,4,,,0,30,,274,4,,,0,70,,277,4,,,0,30,,276,4,,,0,100,,278,4,,,0,100,,279,4,,,0,100,,280,4,,,0
1001,'5102',649,,1366,4,,,0,70,,1353,4,,,0,30,,1354,4,,,0,72,,1344,4,,,0,28,,1340,4,,,0,70,,1358,4,,,0,30,,1347,4,,,0,70,,1339,4,,,0,30,,1361,4,,,0,70,,1348,4,,,0,30,,1364,4,,,0,70,,1349,4,,,0,30,,1365,4,,,0,70,,1362,4,,,0,30,,1341,4,,,0,70,,1343,4,,,0,30,,1367,4,,,0,70,,1350,4,,,0,30,,1355,4,,,0,70,,1342,4,,,0,30,,1351,4,,,0,70,,1359,4,,,0,30,,1345,4,,,0,70,,1357,4,,,0,30,,1352,4,,,0,70,,1346,4,,,0,30,,1363,4,,,0,100,,1356,4,,,0,100,,1360,4,,,0
1001,'5105',749,,1368,4,,,0,70,,1369,4,,,0,30,,1373,4,,,0,70,,1372,4,,,0,30,,1371,4,,,0,70,,1370,4,,,0,30,,1374,4,,,0,70,,1375,4,,,0,30,,1376,4,,,0,70,,1378,4,,,0,30,,1377,4,,,0,70,,1379,4,,,0,30,,1381,4,,,0,70,,1380,4,,,0,30,,1382,4,,,0,70,,1383,4,,,0,30,,1384,4,,,0,70,,1386,4,,,0,30,,1385,4,,,0,70,,1388,4,,,0,30,,1387,4,,,0,100,,1389,4,,,0,100,,1390,4,,,0,100,,1391,4,,,0
1501,'4327',639,,1529,4,,,0,100,,1517,4,,,0,100,,1515,4,,,0,100,,1506,4,,,0,100,,1507,4,,,0,70,,1522,4,,,0,30,,1508,4,,,0,70,,1523,4,,,0,30,,1509,4,,,0,70,,1524,4,,,0,30,,1510,4,,,0,70,,1525,4,,,0,30,,1511,4,,,0,70,,1526,4,,,0,30,,1512,4,,,0,70,,1527,4,,,0,30,,1513,4,,,0,70,,1528,4,,,0,30,,1514,4,,,0,100,,1516,4,,,0,100,,1518,4,,,0,100,,1519,4,,,0,100,,1520,4,,,0,100,,1521,4,,,0
1501,'4795',640,,471,4,,,0,69,,475,4,,,0,45,,480,4,,,0,55,,478,4,,,0,15,,500,4,,,0,15,,465,4,,,0,15,,491,4,,,0,70,,490,4,,,0,15,,466,4,,,0,15,,496,4,,,0,55,,459,4,,,0,15,,487,4,,,0,30,,485,4,,,0,55,,460,4,,,0,15,,493,4,,,0,15,,467,4,,,0,15,,488,4,,,0,70,,492,4,,,0,15,,468,4,,,0,15,,495,4,,,0,55,,461,4,,,0,15,,498,4,,,0,30,,499,4,,,0,55,,462,4,,,0,15,,482,4,,,0,15,,469,4,,,0,15,,489,4,,,0,70,,479,4,,,0,15,,477,4,,,0,15,,486,4,,,0,55,,463,4,,,0,15,,484,4,,,0,30,,497,4,,,0,55,,464,4,,,0,15,,483,4,,,0,15,,476,4,,,0,15,,494,4,,,0,70,,481,4,,,0,15,,470,4,,,0,70,,474,4,,,0,100,,473,4,,,0,200,,472,4,,,0
1501,'4796',739,,502,4,,,0,170,,509,4,,,0,130,,505,4,,,0,170,,508,4,,,0,130,,506,4,,,0,170,,507,4,,,0,130,,510,4,,,0,170,,501,4,,,0,130,,504,4,,,0,170,,503,4,,,0
1501,'4799',739,,512,4,,,0,170,,519,4,,,0,130,,515,4,,,0,170,,518,4,,,0,130,,516,4,,,0,170,,517,4,,,0,130,,520,4,,,0,170,,511,4,,,0,130,,514,4,,,0,170,,513,4,,,0,129,,525,4,0,16 17,0,100,,524,4,0,16 17,0,100,,523,4,0,16 17,0,100,,522,4,0,16 17,0,100,,521,4,0,16 17,0
1501,'4800',639,,553,4,,,0,100,,526,4,,,0,100,,527,4,,,0,100,,529,4,,,0,100,,530,4,,,0,70,,528,4,,,0,30,,532,4,,,0,70,,531,4,,,0,30,,536,4,,,0,70,,533,4,,,0,30,,534,4,,,0,70,,538,4,,,0,30,,535,4,,,0,70,,539,4,,,0,30,,537,4,,,0,70,,540,4,,,0,30,,541,4,,,0,70,,542,4,,,0,30,,543,4,,,0,70,,554,4,,,0,30,,545,4,,,0,100,,547,4,,,0,100,,544,4,,,0,100,,548,4,,,0,100,,546,4,,,0,99,,549,4,0,16 17,0,100,,550,4,0,16 17,0,100,,551,4,0,16 17,0,100,,552,4,0,16 17,0
1501,'5102',640,,1542,4,,,0,69,,1546,4,,,0,30,,1551,4,,,0,70,,1549,4,,,0,30,,1536,4,,,0,70,,1558,4,,,0,30,,1537,4,,,0,70,,1530,4,,,0,30,,1554,4,,,0,70,,1531,4,,,0,30,,1538,4,,,0,70,,1557,4,,,0,30,,1539,4,,,0,70,,1532,4,,,0,30,,1555,4,,,0,70,,1533,4,,,0,30,,1540,4,,,0,70,,1556,4,,,0,30,,1548,4,,,0,70,,1534,4,,,0,30,,1559,4,,,0,70,,1535,4,,,0,30,,1547,4,,,0,70,,1550,4,,,0,30,,1541,4,,,0,70,,1545,4,,,0,30,,1553,4,,,0,70,,1544,4,,,0,100,,1552,4,,,0,100,,1543,4,,,0
1501,'5105',639,,1583,4,,,0,100,,1560,4,,,0,100,,1561,4,,,0,100,,1563,4,,,0,100,,1564,4,,,0,70,,1562,4,,,0,30,,1566,4,,,0,70,,1565,4,,,0,30,,1570,4,,,0,70,,1567,4,,,0,30,,1568,4,,,0,70,,1572,4,,,0,30,,1569,4,,,0,70,,1573,4,,,0,30,,1571,4,,,0,70,,1574,4,,,0,30,,1575,4,,,0,70,,1576,4,,,0,30,,1577,4,,,0,70,,1584,4,,,0,30,,1579,4,,,0,100,,1581,4,,,0,100,,1578,4,,,0,100,,1582,4,,,0,100,,1580,4,,,0
