9101,'4327',841,,2081,19,,,0,100,,2073,19,,,0,100,,2076,19,,,0,100,,2074,19,,,0,100,,2075,19,,,0,100,,2077,19,,,0,100,,2072,19,,,0,100,,2078,19,,,0,100,,2079,19,,,0,100,,2080,19,,,0,100,,2082,19,,,0
9101,'4795',641,,1066,19,,,0,100,,1068,19,,,0,100,,1069,19,,,0,100,,1070,19,,,0,100,,1067,19,,,0,100,,1071,19,,,0,100,,1072,19,,,0,100,,1075,19,,,0,100,,1074,19,,,0,100,,1076,19,,,0,101,,1073,19,,,0,100,,1079,19,,,0,99,,1077,19,,,0,100,,1078,19,,,0,100,,1080,19,,,0
9101,'4800',841,,1081,19,,,0,100,,1082,19,,,0,100,,1084,19,,,0,100,,1086,19,,,0,100,,1083,19,,,0,100,,1087,19,,,0,100,,1085,19,,,0,100,,1089,19,,,0,100,,1090,19,,,0,100,,1091,19,,,0,100,,1088,19,,,0,100,,1092,19,,,0,100,,1093,19,,,0
9101,'5102',641,,2084,19,,,0,100,,2083,19,,,0,100,,2086,19,,,0,100,,2087,19,,,0,100,,2085,19,,,0,100,,2088,19,,,0,100,,2089,19,,,0,100,,2092,19,,,0,100,,2091,19,,,0,100,,2093,19,,,0,101,,2090,19,,,0,100,,2096,19,,,0,99,,2094,19,,,0,100,,2095,19,,,0,100,,2097,19,,,0
9101,'5105',841,,2098,19,,,0,100,,2099,19,,,0,100,,2101,19,,,0,100,,2103,19,,,0,100,,2100,19,,,0,100,,2104,19,,,0,100,,2102,19,,,0,100,,2106,19,,,0,100,,2107,19,,,0,100,,2108,19,,,0,100,,2105,19,,,0,100,,2109,19,,,0,100,,2110,19,,,0
9600,'4795',821,,1095,2,,,0,3,,1094,2,,,0
9600,'5102',821,,2112,2,,,0,3,,2111,2,,,0
9601,'4795',1510,,1099,2,0,7,0,5,,1098,2,0,7,0
9601,'5102',1510,,2116,2,0,7,0,5,,2115,2,0,7,0
9701,'4795',822,,1102,30,0,8 9 10 11,0
9701,'5102',822,,2119,30,0,8 9 10 11,0
