501,'4327',731,,1219,6,,,0,98,,1218,21,,,0,100,,1213,21,,,0,100,,1212,21,,,0,100,,1215,21,,,0,100,,1217,21,,,0,100,,1216,21,,,0,100,,1214,21,,,0,100,,1226,21,,,0,100,,1225,21,,,0,100,,1224,21,,,0,100,,1223,21,,,0,100,,1222,21,,,0,100,,1220,21,,,0,100,,1221,21,,,0
501,'4795',704,,116,6,,,0,24,,127,21,,,0,28,,118,21,,,0,73,,128,21,,,0,28,,119,21,,,0,72,,129,21,,,0,100,,126,21,,,0,100,,131,21,,,0,100,,133,21,,,0,100,,130,21,,,0,100,,134,21,,,0,100,,132,21,,,0,30,,136,21,,,0,70,,135,21,,,0,30,,117,21,,,0,70,,122,21,,,0,28,,137,21,,,0,71,,124,21,,,0,100,,123,21,,,0,100,,121,21,,,0,100,,120,21,,,0,100,,125,21,,,0
501,'4800',731,,149,6,,,0,98,,148,21,,,0,100,,139,21,,,0,100,,150,21,,,0,100,,145,21,,,0,100,,151,21,,,0,100,,138,21,,,0,100,,147,21,,,0,100,,141,21,,,0,100,,152,21,,,0,100,,146,21,,,0,100,,142,21,,,0,100,,140,21,,,0,100,,143,21,,,0,100,,144,21,,,0
501,'5102',704,,1227,6,,,0,24,,1238,21,,,0,28,,1229,21,,,0,73,,1239,21,,,0,28,,1230,21,,,0,72,,1240,21,,,0,100,,1237,21,,,0,100,,1242,21,,,0,100,,1244,21,,,0,100,,1241,21,,,0,100,,1245,21,,,0,100,,1243,21,,,0,30,,1247,21,,,0,70,,1246,21,,,0,30,,1228,21,,,0,70,,1233,21,,,0,28,,1248,21,,,0,71,,1235,21,,,0,100,,1234,21,,,0,100,,1232,21,,,0,100,,1231,21,,,0,100,,1236,21,,,0
501,'5105',731,,1260,6,,,0,98,,1259,21,,,0,100,,1250,21,,,0,100,,1261,21,,,0,100,,1256,21,,,0,100,,1262,21,,,0,100,,1249,21,,,0,100,,1258,21,,,0,100,,1252,21,,,0,100,,1263,21,,,0,100,,1257,21,,,0,100,,1253,21,,,0,100,,1251,21,,,0,100,,1254,21,,,0,100,,1255,21,,,0
4601,'4327',903,,1708,28,,,0,100,,1707,28,,,0,100,,1709,28,,,0,100,,1706,28,,,0,100,,1705,28,,,0,100,,1704,28,,,0,100,,1702,28,,,0,100,,1712,28,,,0,100,,1711,28,,,0,100,,1703,28,,,0,100,,1710,28,,,0
4601,'4795',728,,700,28,,,0,100,,701,28,,,0,100,,702,28,,,0,100,,703,28,,,0,100,,704,28,,,0,100,,705,28,,,0,100,,706,28,,,0,100,,707,28,,,0,100,,699,28,,,0,101,,694,28,,,0,100,,695,28,,,0,98,,696,28,,,0,100,,697,28,,,0,100,,698,28,,,0
4601,'4800',803,,720,28,,,0,100,,710,28,,,0,100,,721,28,,,0,100,,708,28,,,0,100,,719,28,,,0,100,,714,28,,,0,100,,715,28,,,0,100,,716,28,,,0,100,,709,28,,,0,100,,717,28,,,0,100,,711,28,,,0,100,,718,28,,,0,100,,713,28,,,0,100,,712,28,,,0
4601,'5102',728,,1719,28,,,0,100,,1720,28,,,0,100,,1721,28,,,0,100,,1723,28,,,0,100,,1724,28,,,0,100,,1722,28,,,0,100,,1725,28,,,0,100,,1726,28,,,0,100,,1718,28,,,0,101,,1713,28,,,0,100,,1715,28,,,0,98,,1714,28,,,0,100,,1716,28,,,0,100,,1717,28,,,0
4601,'5105',803,,1739,28,,,0,100,,1729,28,,,0,100,,1740,28,,,0,100,,1727,28,,,0,100,,1738,28,,,0,100,,1733,28,,,0,100,,1734,28,,,0,100,,1735,28,,,0,100,,1728,28,,,0,100,,1736,28,,,0,100,,1730,28,,,0,100,,1737,28,,,0,100,,1732,28,,,0,100,,1731,28,,,0
