55019,'4327',921,,1772,29,4,,0,100,,1778,29,4,,0,100,,1769,29,4,,0,100,,1771,29,4,,0,100,,1773,29,4,,0,100,,1768,29,4,,0,100,,1774,29,4,,0,100,,1770,29,4,,0,100,,1777,29,4,,0,100,,1776,29,4,,0,100,,1775,29,4,,0
55019,'4332',813,,1818,29,4,,0,108,,1819,29,4,,0,100,,1824,29,4,,0,100,,1821,29,4,,0,100,,1823,29,4,,0,100,,1822,29,4,,0,100,,1820,29,4,,0,100,,1831,29,4,,0,100,,1827,29,4,,0,100,,1832,29,4,,0,100,,1828,29,4,,0,100,,1826,29,4,,0,100,,1830,29,4,,0,100,,1825,29,4,,0,100,,1829,29,4,,0
55019,'4480',752,,1804,29,4,,0,80,,1801,29,4,,0,20,,1806,29,4,,0,80,,1800,29,4,,0,20,,1812,29,4,,0,100,,1790,29,4,,0,100,,1782,29,4,,0,100,,1814,29,4,,0,100,,1813,29,4,,0,98,,1797,29,4,,0,104,,1802,29,4,,0,101,,1785,29,4,,0,72,,1799,29,4,,0,29,,1787,29,4,,0,70,,1816,29,4,,0,28,,1788,29,4,,0,71,,1817,29,4,,0,26,,1792,29,4,,0,100,,1796,29,4,,0
55029,'4327',822,,1839,1,,,0,100,,1841,1,,,0,100,,1840,1,,,0,100,,1842,1,,,0,100,,1835,1,,,0,100,,1843,1,,,0,100,,1837,1,,,0,100,,1834,1,,,0,100,,1833,1,,,0,100,,1838,1,,,0,100,,1836,1,,,0
55029,'4332',822,,1847,1,,,0,100,,1850,1,,,0,100,,1848,1,,,0,100,,1846,1,,,0,100,,1852,1,,,0,100,,1849,1,,,0,100,,1851,1,,,0,100,,1856,1,,,0,100,,1855,1,,,0,100,,1853,1,,,0,100,,1844,1,,,0,100,,1858,1,,,0,100,,1857,1,,,0,100,,1854,1,,,0
55029,'4480',732,,1779,1,,,0,20,,1811,1,,,0,80,,1781,1,,,0,20,,1786,1,,,0,100,,1807,1,,,0,100,,1808,1,,,0,100,,1810,1,,,0,100,,1809,1,,,0,100,,1815,1,,,0,98,,1789,1,,,0,104,,1783,1,,,0,72,,1794,1,,,0,29,,1780,1,,,0,72,,1803,1,,,0,29,,1784,1,,,0,70,,1798,1,,,0,28,,1793,1,,,0,100,,1791,1,,,0,98,,1795,1,0,11,0
16100,'4332',1122,,2121,32,4,,0
16100,'4677',1122,,2122,32,4,,0
16101,'4332',1500,,2123,1,,,0
16101,'4677',1500,,2124,1,,,0
