1000,'4528',647,,2308,17,4,,0,70,,2295,17,4,,0,30,,2296,17,4,,0,72,,2289,17,4,,0,28,,2282,17,4,,0,70,,2298,17,4,,0,30,,2291,17,4,,0,70,,2281,17,4,,0,30,,2300,17,4,,0,70,,2290,17,4,,0,30,,2303,17,4,,0,70,,2288,17,4,,0,30,,2305,17,4,,0,70,,2304,17,4,,0,30,,2283,17,4,,0,70,,2285,17,4,,0,30,,2309,17,4,,0,70,,2292,17,4,,0,30,,2297,17,4,,0,70,,2284,17,4,,0,30,,2294,17,4,,0,70,,2301,17,4,,0,30,,2287,17,4,,0,70,,2293,17,4,,0,30,,2299,17,4,,0,70,,2306,17,4,,0,30,,2286,17,4,,0,100,,2302,17,4,,0,100,,2307,17,4,,0
1000,'4532',747,,2310,17,4,,0,70,,2311,17,4,,0,30,,2312,17,4,,0,70,,2313,17,4,,0,30,,2317,17,4,,0,70,,2316,17,4,,0,30,,2315,17,4,,0,70,,2314,17,4,,0,30,,2318,17,4,,0,70,,2319,17,4,,0,30,,2320,17,4,,0,70,,2321,17,4,,0,30,,2322,17,4,,0,70,,2323,17,4,,0,30,,2324,17,4,,0,70,,2325,17,4,,0,30,,2326,17,4,,0,70,,2328,17,4,,0,30,,2327,17,4,,0,70,,2329,17,4,,0,30,,2330,17,4,,0,70,,2335,17,4,,0,30,,2331,17,4,,0,100,,2332,17,4,,0,100,,2334,17,4,,0,100,,2333,17,4,,0
1000,'5221',947,,2336,17,4,,0,100,,2339,17,4,,0,100,,2337,17,4,,0,100,,2338,17,4,,0,100,,2340,17,4,,0,100,,2341,17,4,,0,100,,2343,17,4,,0,100,,2342,17,4,,0,100,,2344,17,4,,0,100,,2345,17,4,,0
1001,'4528',647,,2373,1,,,0,70,,2360,1,,,0,30,,2361,1,,,0,72,,2351,1,,,0,28,,2347,1,,,0,70,,2365,1,,,0,30,,2354,1,,,0,70,,2346,1,,,0,30,,2368,1,,,0,70,,2355,1,,,0,30,,2371,1,,,0,70,,2356,1,,,0,30,,2372,1,,,0,70,,2369,1,,,0,30,,2348,1,,,0,70,,2350,1,,,0,30,,2374,1,,,0,70,,2357,1,,,0,30,,2362,1,,,0,70,,2349,1,,,0,30,,2358,1,,,0,70,,2366,1,,,0,30,,2352,1,,,0,70,,2364,1,,,0,30,,2359,1,,,0,70,,2353,1,,,0,30,,2370,1,,,0,100,,2363,1,,,0,100,,2367,1,,,0
1001,'4532',747,,2375,1,,,0,70,,2376,1,,,0,30,,2380,1,,,0,70,,2379,1,,,0,30,,2378,1,,,0,70,,2377,1,,,0,30,,2381,1,,,0,70,,2382,1,,,0,30,,2383,1,,,0,70,,2385,1,,,0,30,,2384,1,,,0,70,,2386,1,,,0,30,,2388,1,,,0,70,,2387,1,,,0,30,,2389,1,,,0,70,,2390,1,,,0,30,,2391,1,,,0,70,,2394,1,,,0,30,,2393,1,,,0,70,,2395,1,,,0,30,,2392,1,,,0,100,,2396,1,,,0,100,,2397,1,,,0,100,,2398,1,,,0
1001,'5221',947,,2399,1,,,0,100,,2400,1,,,0,100,,2401,1,,,0,100,,2402,1,,,0,100,,2404,1,,,0,100,,2403,1,,,0,100,,2405,1,,,0,100,,2406,1,,,0,100,,2407,1,,,0,100,,2408,1,,,0
1500,'4528',702,,2443,22,4,,0,30,,2460,23,4,,0,70,,2457,23,4,,0,30,,2439,23,4,,0,70,,2470,23,4,,0,30,,2441,23,4,,0,70,,2456,23,4,,0,30,,2462,23,4,,0,70,,2446,23,4,,0,30,,2440,23,4,,0,70,,2463,23,4,,0,30,,2442,23,4,,0,70,,2448,23,4,,0,30,,2461,23,4,,0,70,,2449,23,4,,0,30,,2444,23,4,,0,70,,2465,23,4,,0,30,,2459,23,4,,0,70,,2447,23,4,,0,30,,2469,23,4,,0,70,,2450,23,4,,0,30,,2458,23,4,,0,70,,2464,23,4,,0,30,,2445,23,4,,0,70,,2451,23,4,,0,30,,2467,23,4,,0,70,,2453,23,4,,0,30,,2455,23,4,,0,70,,2468,23,4,,0,30,,2454,23,4,,0,70,,2452,23,4,,0,30,,2466,23,4,,0
1500,'4532',732,,2494,23,4,,0,100,,2471,23,4,,0,100,,2472,23,4,,0,100,,2475,23,4,,0,70,,2474,23,4,,0,30,,2473,23,4,,0,70,,2477,23,4,,0,30,,2478,23,4,,0,70,,2479,23,4,,0,30,,2476,23,4,,0,70,,2484,23,4,,0,30,,2485,23,4,,0,70,,2483,23,4,,0,30,,2481,23,4,,0,70,,2487,23,4,,0,30,,2488,23,4,,0,69,,2486,23,4,,0,31,,2482,23,4,,0,70,,2489,23,4,,0,30,,2480,23,4,,0,70,,2495,23,4,,0,30,,2491,23,4,,0,100,,2492,23,4,,0,100,,2493,23,4,,0,100,,2490,23,4,,0
1500,'5221',732,,2519,23,4,,0,100,,2506,23,4,,0,100,,2501,23,4,,0,100,,2496,23,4,,0,70,,2513,23,4,,0,30,,2497,23,4,,0,70,,2514,23,4,,0,30,,2498,23,4,,0,70,,2515,23,4,,0,30,,2499,23,4,,0,70,,2511,23,4,,0,30,,2500,23,4,,0,70,,2512,23,4,,0,30,,2502,23,4,,0,70,,2516,23,4,,0,30,,2503,23,4,,0,69,,2517,23,4,,0,31,,2504,23,4,,0,70,,2518,23,4,,0,30,,2505,23,4,,0,100,,2508,23,4,,0,100,,2509,23,4,,0,100,,2510,23,4,,0,100,,2507,23,4,,0
1501,'4528',637,,2532,1,,,0,69,,2536,1,,,0,30,,2541,1,,,0,70,,2539,1,,,0,30,,2526,1,,,0,70,,2548,1,,,0,30,,2527,1,,,0,70,,2520,1,,,0,30,,2544,1,,,0,70,,2521,1,,,0,30,,2528,1,,,0,70,,2547,1,,,0,30,,2529,1,,,0,70,,2522,1,,,0,30,,2545,1,,,0,70,,2523,1,,,0,30,,2530,1,,,0,70,,2546,1,,,0,30,,2538,1,,,0,70,,2524,1,,,0,30,,2549,1,,,0,70,,2525,1,,,0,30,,2537,1,,,0,70,,2540,1,,,0,30,,2531,1,,,0,70,,2535,1,,,0,30,,2543,1,,,0,70,,2534,1,,,0,100,,2542,1,,,0,100,,2533,1,,,0
1501,'4532',636,,2573,1,,,0,100,,2550,1,,,0,100,,2551,1,,,0,100,,2553,1,,,0,100,,2554,1,,,0,70,,2552,1,,,0,30,,2556,1,,,0,70,,2555,1,,,0,30,,2560,1,,,0,70,,2557,1,,,0,30,,2558,1,,,0,70,,2562,1,,,0,30,,2559,1,,,0,70,,2563,1,,,0,30,,2561,1,,,0,70,,2564,1,,,0,30,,2565,1,,,0,70,,2566,1,,,0,30,,2567,1,,,0,70,,2574,1,,,0,30,,2569,1,,,0,100,,2571,1,,,0,100,,2568,1,,,0,100,,2572,1,,,0,100,,2570,1,,,0
1501,'5221',636,,2598,1,,,0,100,,2586,1,,,0,100,,2584,1,,,0,100,,2575,1,,,0,100,,2576,1,,,0,70,,2592,1,,,0,30,,2577,1,,,0,70,,2593,1,,,0,30,,2578,1,,,0,70,,2594,1,,,0,30,,2579,1,,,0,70,,2591,1,,,0,30,,2580,1,,,0,70,,2595,1,,,0,30,,2581,1,,,0,70,,2596,1,,,0,30,,2582,1,,,0,70,,2597,1,,,0,30,,2583,1,,,0,100,,2585,1,,,0,100,,2587,1,,,0,100,,2588,1,,,0,100,,2589,1,,,0,100,,2590,1,,,0
4600,'4528',800,,2684,26,4,,0,102,,2685,26,4,,0,99,,2686,26,4,,0,100,,2688,26,4,,0,100,,2687,26,4,,0,100,,2689,26,4,,0,100,,2690,26,4,,0,100,,2677,26,4,,0,100,,2678,26,4,,0,100,,2679,26,4,,0,99,,2680,26,4,,0,100,,2681,26,4,,0,59,,2683,26,4,,0,100,,2682,26,4,,0
4600,'4532',831,,2691,26,4,,0,100,,2700,26,4,,0,100,,2704,26,4,,0,100,,2696,26,4,,0,100,,2693,26,4,,0,100,,2697,26,4,,0,100,,2699,26,4,,0,100,,2701,26,4,,0,100,,2694,26,4,,0,100,,2702,26,4,,0,100,,2698,26,4,,0,100,,2692,26,4,,0,100,,2703,26,4,,0
4600,'5221',931,,2714,26,4,,0,100,,2715,26,4,,0,100,,2706,26,4,,0,100,,2708,26,4,,0,100,,2710,26,4,,0,100,,2705,26,4,,0,100,,2712,26,4,,0,100,,2713,26,4,,0,100,,2709,26,4,,0,100,,2711,26,4,,0,100,,2707,26,4,,0
4601,'4528',704,,2722,1,,,0,100,,2723,1,,,0,100,,2724,1,,,0,100,,2726,1,,,0,100,,2727,1,,,0,100,,2725,1,,,0,100,,2728,1,,,0,100,,2729,1,,,0,100,,2721,1,,,0,100,,2716,1,,,0,100,,2718,1,,,0,100,,2717,1,,,0,100,,2719,1,,,0,100,,2720,1,,,0
4601,'4532',737,,2742,1,,,0,100,,2730,1,,,0,100,,2743,1,,,0,100,,2731,1,,,0,100,,2741,1,,,0,100,,2736,1,,,0,100,,2737,1,,,0,100,,2738,1,,,0,100,,2732,1,,,0,100,,2739,1,,,0,100,,2733,1,,,0,100,,2740,1,,,0,100,,2735,1,,,0,100,,2734,1,,,0
4601,'5221',837,,2750,1,,,0,100,,2749,1,,,0,100,,2751,1,,,0,100,,2748,1,,,0,100,,2747,1,,,0,100,,2746,1,,,0,100,,2744,1,,,0,100,,2754,1,,,0,100,,2753,1,,,0,100,,2745,1,,,0,100,,2752,1,,,0
4700,'4528',736,,2768,38,4,,0,103,,2756,38,4,,0,99,,2766,38,4,,0,100,,2762,38,4,,0,100,,2765,38,4,,0,100,,2767,38,4,,0,100,,2755,38,4,,0,100,,2764,38,4,,0,101,,2757,38,4,,0,100,,2763,38,4,,0,99,,2759,38,4,,0,98,,2760,38,4,,0,100,,2761,38,4,,0,100,,2758,38,4,,0
4701,'4528',742,,2777,1,,,0,100,,2778,1,,,0,100,,2781,1,,,0,100,,2776,1,,,0,100,,2779,1,,,0,100,,2780,1,,,0,100,,2769,1,,,0,100,,2774,1,,,0,100,,2772,1,,,0,100,,2771,1,,,0,100,,2775,1,,,0,100,,2770,1,,,0,100,,2773,1,,,0
