100,'4327',931,,1112,43,,,0,100,,1113,43,,,0,100,,1115,43,,,0,100,,1114,43,,,0,100,,1116,43,,,0,100,,1117,43,,,0,100,,1118,43,,,0,100,,1120,43,,,0,100,,1119,43,,,0,100,,1121,43,,,0
100,'4795',631,,32,43,,,0,170,,11,43,,,0,30,,25,43,,,0,70,,18,43,,,0,30,,13,43,,,0,70,,26,43,,,0,30,,20,43,,,0,70,,21,43,,,0,100,,12,43,,,0,100,,31,43,,,0,100,,14,43,,,0,100,,22,43,,,0,100,,15,43,,,0,30,,23,43,,,0,70,,16,43,,,0,30,,29,43,,,0,70,,27,43,,,0,30,,17,43,,,0,100,,24,43,,,0,100,,19,43,,,0,100,,28,43,,,0,100,,30,43,,,0,70,,33,43,,,0
100,'4800',731,,34,43,,,0,100,,35,43,,,0,100,,36,43,,,0,100,,37,43,,,0,100,,38,43,,,0,100,,39,43,,,0,100,,40,43,,,0,100,,41,43,,,0,100,,42,43,,,0,100,,43,43,,,0,100,,44,43,,,0,100,,45,43,,,0,100,,46,43,,,0,100,,48,43,,,0,100,,47,43,,,0
100,'5102',631,,1143,43,,,0,170,,1122,43,,,0,30,,1136,43,,,0,70,,1129,43,,,0,30,,1124,43,,,0,70,,1137,43,,,0,30,,1132,43,,,0,70,,1131,43,,,0,100,,1123,43,,,0,100,,1142,43,,,0,100,,1125,43,,,0,100,,1133,43,,,0,100,,1126,43,,,0,30,,1134,43,,,0,70,,1127,43,,,0,30,,1140,43,,,0,70,,1138,43,,,0,30,,1128,43,,,0,100,,1135,43,,,0,100,,1130,43,,,0,100,,1139,43,,,0,100,,1141,43,,,0,70,,1144,43,,,0
100,'5105',731,,1145,43,,,0,100,,1146,43,,,0,100,,1147,43,,,0,100,,1148,43,,,0,100,,1149,43,,,0,100,,1150,43,,,0,100,,1151,43,,,0,100,,1152,43,,,0,100,,1153,43,,,0,100,,1154,43,,,0,100,,1155,43,,,0,100,,1156,43,,,0,100,,1157,43,,,0,100,,1159,43,,,0,100,,1158,43,,,0
500,'4327',752,,1166,21,,,0,98,,1160,21,,,0,100,,1165,21,,,0,100,,1164,21,,,0,100,,1167,21,,,0,100,,1161,21,,,0,100,,1162,21,,,0,100,,1163,21,,,0,100,,1174,21,,,0,100,,1173,21,,,0,100,,1172,21,,,0,100,,1171,21,,,0,100,,1170,21,,,0,100,,1168,21,,,0,100,,1169,21,,,0
500,'4795',722,,66,21,,,0,28,,75,21,,,0,65,,65,21,,,0,35,,76,21,,,0,65,,64,21,,,0,35,,77,21,,,0,100,,81,21,,,0,100,,82,21,,,0,100,,78,21,,,0,100,,79,21,,,0,100,,80,21,,,0,100,,70,21,,,0,70,,84,21,,,0,30,,68,21,,,0,70,,67,21,,,0,30,,69,21,,,0,70,,85,21,,,0,30,,72,21,,,0,100,,73,21,,,0,100,,71,21,,,0,100,,74,21,,,0,100,,83,21,,,0
500,'4800',752,,87,21,,,0,98,,91,21,,,0,100,,88,21,,,0,100,,95,21,,,0,100,,86,21,,,0,100,,96,21,,,0,100,,100,21,,,0,100,,99,21,,,0,100,,89,21,,,0,100,,97,21,,,0,100,,98,21,,,0,100,,93,21,,,0,100,,94,21,,,0,100,,92,21,,,0,100,,90,21,,,0
500,'5102',722,,1177,21,,,0,28,,1186,21,,,0,65,,1176,21,,,0,35,,1187,21,,,0,65,,1175,21,,,0,35,,1188,21,,,0,100,,1192,21,,,0,100,,1193,21,,,0,100,,1189,21,,,0,100,,1190,21,,,0,100,,1191,21,,,0,100,,1181,21,,,0,70,,1195,21,,,0,30,,1179,21,,,0,70,,1178,21,,,0,30,,1180,21,,,0,70,,1196,21,,,0,30,,1184,21,,,0,100,,1182,21,,,0,100,,1183,21,,,0,100,,1185,21,,,0,100,,1194,21,,,0
500,'5105',752,,1198,21,,,0,98,,1202,21,,,0,100,,1199,21,,,0,100,,1206,21,,,0,100,,1197,21,,,0,100,,1207,21,,,0,100,,1211,21,,,0,100,,1210,21,,,0,100,,1200,21,,,0,100,,1208,21,,,0,100,,1209,21,,,0,100,,1204,21,,,0,100,,1205,21,,,0,100,,1203,21,,,0,100,,1201,21,,,0
