8900,'4327',647,,1957,9,,,0,100,,1965,9,,,0,101,,1956,40,,,0,100,,1954,40,,,0,100,,1945,40,,,0,100,,1947,40,,,0,100,,1946,40,,,0,70,,1966,40,,,0,30,,1948,40,,,0,70,,1964,40,,,0,30,,1949,40,,,0,70,,1962,40,,,0,30,,1950,40,,,0,70,,1963,40,,,0,30,,1951,40,,,0,70,,1967,40,,,0,30,,1953,40,,,0,100,,1955,40,,,0,100,,1952,40,,,0,100,,1959,40,,,0,100,,1961,40,,,0,100,,1958,40,,,0
8900,'4795',617,,984,9,,,0,30,,981,9,,,0,71,,983,18,,,0,40,,963,40,,,0,60,,980,40,,,0,22,,965,40,,,0,19,,970,40,,,0,59,,979,40,,,0,22,,966,40,,,0,19,,967,40,,,0,59,,953,40,,,0,30,,964,40,,,0,70,,973,40,,,0,30,,952,40,,,0,70,,956,40,,,0,30,,961,40,,,0,70,,977,40,,,0,30,,951,40,,,0,70,,955,40,,,0,30,,962,40,,,0,70,,976,40,,,0,18,,985,40,,,0,19,,954,40,,,0,63,,957,40,,,0,18,,986,40,,,0,19,,968,40,,,0,63,,975,40,,,0,30,,974,40,,,0,70,,960,40,,,0,30,,972,40,,,0,70,,969,40,,,0,30,,982,40,,,0,70,,959,40,,,0,100,,978,40,,,0,100,,958,40,,,0
8900,'4800',647,,1003,9,,,0,100,,1005,9,,,0,71,,1014,40,,,0,30,,987,40,,,0,70,,1013,40,,,0,30,,988,40,,,0,70,,1012,40,,,0,30,,989,40,,,0,70,,1009,40,,,0,30,,990,40,,,0,70,,1008,40,,,0,30,,992,40,,,0,70,,1004,40,,,0,30,,994,40,,,0,70,,1006,40,,,0,30,,991,40,,,0,70,,1007,40,,,0,30,,997,40,,,0,70,,1010,40,,,0,30,,998,40,,,0,70,,1011,40,,,0,30,,993,40,,,0,70,,1015,40,,,0,30,,996,40,,,0,70,,1016,40,,,0,30,,995,40,,,0,100,,999,40,,,0,100,,1000,40,,,0,100,,1001,40,,,0
8900,'5102',617,,2001,9,,,0,30,,1998,9,,,0,71,,2000,18,,,0,40,,1980,40,,,0,60,,1997,40,,,0,22,,1982,40,,,0,19,,1987,40,,,0,59,,1996,40,,,0,22,,1983,40,,,0,19,,1984,40,,,0,59,,1971,40,,,0,30,,1981,40,,,0,70,,1991,40,,,0,30,,1969,40,,,0,70,,1970,40,,,0,30,,1978,40,,,0,70,,1994,40,,,0,30,,1968,40,,,0,70,,1973,40,,,0,30,,1979,40,,,0,70,,1993,40,,,0,18,,2002,40,,,0,19,,1972,40,,,0,63,,1974,40,,,0,18,,2003,40,,,0,19,,1986,40,,,0,63,,1992,40,,,0,30,,1988,40,,,0,70,,1977,40,,,0,30,,1990,40,,,0,70,,1985,40,,,0,30,,1999,40,,,0,70,,1976,40,,,0,100,,1995,40,,,0,100,,1975,40,,,0
8900,'5105',647,,2020,9,,,0,100,,2022,9,,,0,71,,2031,40,,,0,30,,2004,40,,,0,70,,2030,40,,,0,30,,2005,40,,,0,70,,2029,40,,,0,30,,2006,40,,,0,70,,2026,40,,,0,30,,2007,40,,,0,70,,2025,40,,,0,30,,2009,40,,,0,70,,2021,40,,,0,30,,2011,40,,,0,70,,2023,40,,,0,30,,2008,40,,,0,70,,2024,40,,,0,30,,2014,40,,,0,70,,2027,40,,,0,30,,2015,40,,,0,70,,2028,40,,,0,30,,2010,40,,,0,70,,2032,40,,,0,30,,2013,40,,,0,70,,2033,40,,,0,30,,2012,40,,,0,100,,2016,40,,,0,100,,2017,40,,,0,100,,2018,40,,,0
9100,'4327',826,,2044,26,,,0,100,,2036,26,,,0,100,,2034,26,,,0,100,,2035,26,,,0,100,,2037,26,,,0,100,,2039,26,,,0,100,,2041,26,,,0,100,,2038,26,,,0,100,,2040,26,,,0,100,,2042,26,,,0,100,,2043,26,,,0
9100,'4795',726,,1028,26,,,0,100,,1030,26,,,0,100,,1031,26,,,0,100,,1034,26,,,0,100,,1029,26,,,0,100,,1036,26,,,0,100,,1033,26,,,0,100,,1035,26,,,0,100,,1037,26,,,0,101,,1032,26,,,0,100,,1038,26,,,0,99,,1039,26,,,0,100,,1040,26,,,0,100,,1041,26,,,0
9100,'4800',826,,1046,26,,,0,100,,1045,26,,,0,100,,1052,26,,,0,100,,1053,26,,,0,100,,1042,26,,,0,100,,1043,26,,,0,100,,1047,26,,,0,100,,1044,26,,,0,100,,1049,26,,,0,100,,1050,26,,,0,100,,1051,26,,,0,100,,1048,26,,,0,100,,1054,26,,,0
9100,'5102',726,,2045,26,,,0,100,,2047,26,,,0,100,,2048,26,,,0,100,,2051,26,,,0,100,,2046,26,,,0,100,,2053,26,,,0,100,,2050,26,,,0,100,,2052,26,,,0,100,,2055,26,,,0,101,,2049,26,,,0,100,,2056,26,,,0,99,,2057,26,,,0,100,,2054,26,,,0,100,,2058,26,,,0
9100,'5105',826,,2063,26,,,0,100,,2062,26,,,0,100,,2069,26,,,0,100,,2070,26,,,0,100,,2059,26,,,0,100,,2060,26,,,0,100,,2064,26,,,0,100,,2061,26,,,0,100,,2066,26,,,0,100,,2067,26,,,0,100,,2068,26,,,0,100,,2065,26,,,0,100,,2071,26,,,0
9600,'4795',815,,1097,30,0,8 9 10 11,0,3,,1096,30,0,8 9 10 11,0
9600,'5102',815,,2114,30,0,8 9 10 11,0,3,,2113,30,0,8 9 10 11,0
9601,'4795',1502,,1101,19,,,0
9601,'5102',1502,,2118,19,,,0
