4600,'4327',912,,1672,3,,,0,100,,1673,3,,,0,100,,1664,3,,,0,100,,1666,3,,,0,100,,1668,3,,,0,100,,1663,3,,,0,100,,1670,3,,,0,100,,1671,3,,,0,100,,1667,3,,,0,100,,1669,3,,,0,100,,1665,3,,,0
4600,'4795',739,,662,3,,,0,101,,663,3,,,0,99,,664,3,,,0,100,,666,3,,,0,100,,665,3,,,0,100,,667,3,,,0,100,,668,3,,,0,100,,655,3,,,0,100,,656,3,,,0,100,,657,3,,,0,100,,658,3,,,0,100,,659,3,,,0,100,,661,3,,,0,100,,660,3,,,0
4600,'4800',812,,669,3,,,0,100,,678,3,,,0,100,,682,3,,,0,100,,674,3,,,0,100,,671,3,,,0,100,,675,3,,,0,100,,677,3,,,0,100,,679,3,,,0,100,,672,3,,,0,100,,680,3,,,0,100,,676,3,,,0,100,,670,3,,,0,100,,681,3,,,0,100,,673,3,0,19,0
4600,'5102',739,,1681,3,,,0,101,,1682,3,,,0,99,,1683,3,,,0,100,,1685,3,,,0,100,,1684,3,,,0,100,,1686,3,,,0,100,,1687,3,,,0,100,,1674,3,,,0,100,,1675,3,,,0,100,,1676,3,,,0,100,,1677,3,,,0,100,,1678,3,,,0,100,,1680,3,,,0,100,,1679,3,,,0
4600,'5105',812,,1688,3,,,0,100,,1697,3,,,0,100,,1701,3,,,0,100,,1693,3,,,0,100,,1690,3,,,0,100,,1694,3,,,0,100,,1696,3,,,0,100,,1698,3,,,0,100,,1691,3,,,0,100,,1699,3,,,0,100,,1695,3,,,0,100,,1689,3,,,0,100,,1700,3,,,0,100,,1692,3,0,19,0
8900,'4327',810,,1956,18,,,0,100,,1954,18,,,0,100,,1945,18,,,0,100,,1947,18,,,0,100,,1946,18,,,0,30,,1966,18,,,0,70,,1948,18,,,0,30,,1964,18,,,0,70,,1949,18,,,0,30,,1962,18,,,0,70,,1950,18,,,0,30,,1963,18,,,0,70,,1951,18,,,0,30,,1967,18,,,0,70,,1953,18,,,0,100,,1955,18,,,0,100,,1952,18,,,0,100,,1959,18,,,0,100,,1961,18,,,0,100,,1958,18,,,0
8900,'4795',720,,963,18,,,0,20,,980,18,,,0,62,,965,18,,,0,19,,970,18,,,0,19,,979,18,,,0,62,,966,18,,,0,19,,967,18,,,0,19,,953,18,,,0,70,,964,18,,,0,30,,973,18,,,0,70,,952,18,,,0,30,,956,18,,,0,70,,961,18,,,0,30,,977,18,,,0,70,,951,18,,,0,30,,955,18,,,0,70,,962,18,,,0,30,,976,18,,,0,18,,985,18,,,0,59,,954,18,,,0,23,,957,18,,,0,18,,986,18,,,0,59,,968,18,,,0,23,,975,18,,,0,70,,974,18,,,0,30,,960,18,,,0,70,,972,18,,,0,30,,969,18,,,0,70,,982,18,,,0,30,,959,18,,,0,100,,978,18,,,0,100,,958,18,,,0
8900,'4800',740,,1014,18,,,0,70,,987,18,,,0,30,,1013,18,,,0,70,,988,18,,,0,30,,1012,18,,,0,70,,989,18,,,0,30,,1009,18,,,0,70,,990,18,,,0,30,,1008,18,,,0,70,,992,18,,,0,30,,1004,18,,,0,70,,994,18,,,0,30,,1006,18,,,0,70,,991,18,,,0,30,,1007,18,,,0,70,,997,18,,,0,30,,1010,18,,,0,70,,998,18,,,0,30,,1011,18,,,0,70,,993,18,,,0,30,,1015,18,,,0,70,,996,18,,,0,30,,1016,18,,,0,70,,995,18,,,0,100,,999,18,,,0,100,,1000,18,,,0,100,,1001,18,,,0
8900,'5102',720,,1980,18,,,0,20,,1997,18,,,0,62,,1982,18,,,0,19,,1987,18,,,0,19,,1996,18,,,0,62,,1983,18,,,0,19,,1984,18,,,0,19,,1971,18,,,0,70,,1981,18,,,0,30,,1991,18,,,0,70,,1969,18,,,0,30,,1970,18,,,0,70,,1978,18,,,0,30,,1994,18,,,0,70,,1968,18,,,0,30,,1973,18,,,0,70,,1979,18,,,0,30,,1993,18,,,0,18,,2002,18,,,0,59,,1972,18,,,0,23,,1974,18,,,0,18,,2003,18,,,0,59,,1986,18,,,0,23,,1992,18,,,0,70,,1988,18,,,0,30,,1977,18,,,0,70,,1990,18,,,0,30,,1985,18,,,0,70,,1999,18,,,0,30,,1976,18,,,0,100,,1995,18,,,0,100,,1975,18,,,0
8900,'5105',740,,2031,18,,,0,70,,2004,18,,,0,30,,2030,18,,,0,70,,2005,18,,,0,30,,2029,18,,,0,70,,2006,18,,,0,30,,2026,18,,,0,70,,2007,18,,,0,30,,2025,18,,,0,70,,2009,18,,,0,30,,2021,18,,,0,70,,2011,18,,,0,30,,2023,18,,,0,70,,2008,18,,,0,30,,2024,18,,,0,70,,2014,18,,,0,30,,2027,18,,,0,70,,2015,18,,,0,30,,2028,18,,,0,70,,2010,18,,,0,30,,2032,18,,,0,70,,2013,18,,,0,30,,2033,18,,,0,70,,2012,18,,,0,100,,2016,18,,,0,100,,2017,18,,,0,100,,2018,18,,,0
