1500,'4794',726,,337,15,,,0,100,,324,15,,,0,100,,319,15,,,0,100,,314,15,,,0,30,,329,15,,,0,70,,315,15,,,0,30,,330,15,,,0,70,,316,15,,,0,30,,331,15,,,0,70,,317,15,,,0,30,,332,15,,,0,70,,318,15,,,0,30,,333,15,,,0,70,,320,15,,,0,30,,334,15,,,0,70,,321,15,,,0,29,,335,15,,,0,71,,322,15,,,0,30,,336,15,,,0,70,,323,15,,,0,100,,325,15,,,0,100,,326,15,,,0,100,,327,15,,,0,100,,328,15,,,0
1500,'4795',656,,342,14,,,0,100,,355,15,,,0,70,,338,15,,,0,11,,379,15,,,0,70,,368,15,,,0,19,,340,15,,,0,11,,367,15,,,0,19,,358,15,,,0,51,,363,15,,,0,30,,377,15,,,0,19,,345,15,,,0,51,,362,15,,,0,19,,339,15,,,0,11,,374,15,,,0,70,,365,15,,,0,19,,341,15,,,0,11,,375,15,,,0,19,,347,15,,,0,51,,364,15,,,0,30,,378,15,,,0,19,,348,15,,,0,51,,371,15,,,0,19,,343,15,,,0,11,,370,15,,,0,70,,361,15,,,0,19,,357,15,,,0,11,,373,15,,,0,19,,346,15,,,0,51,,360,15,,,0,30,,372,15,,,0,19,,349,15,,,0,51,,359,15,,,0,19,,356,15,,,0,11,,366,15,,,0,70,,369,15,,,0,19,,344,15,,,0,11,,376,15,,,0,19,,350,15,,,0,100,,352,15,,,0,70,,354,15,,,0,100,,353,15,,,0,30,,351,15,,,0
1500,'4796',726,,380,15,,,0,130,,390,15,,,0,170,,382,15,,,0,130,,383,15,,,0,170,,381,15,,,0,130,,385,15,,,0,170,,389,15,,,0,130,,384,15,,,0,170,,387,15,,,0,130,,388,15,,,0,170,,386,15,,,0
1500,'4799',726,,391,15,,,0,130,,401,15,,,0,170,,393,15,,,0,130,,394,15,,,0,170,,392,15,,,0,130,,396,15,,,0,170,,400,15,,,0,130,,395,15,,,0,170,,398,15,,,0,130,,399,15,,,0,170,,397,15,,,0,100,,405,17,0,16 18,0,100,,404,17,0,16 18,0,100,,403,17,0,16 18,0,100,,402,17,0,16 18,0
1500,'4800',726,,433,15,,,0,100,,406,15,,,0,100,,407,15,,,0,100,,410,15,,,0,30,,409,15,,,0,70,,408,15,,,0,30,,412,15,,,0,70,,413,15,,,0,30,,414,15,,,0,70,,411,15,,,0,30,,419,15,,,0,70,,420,15,,,0,30,,417,15,,,0,70,,415,15,,,0,30,,422,15,,,0,70,,423,15,,,0,29,,421,15,,,0,71,,416,15,,,0,30,,424,15,,,0,70,,418,15,,,0,30,,434,15,,,0,70,,426,15,,,0,100,,427,15,,,0,100,,428,15,,,0,100,,425,15,,,0,100,,431,17,0,16 18,0,100,,432,17,0,16 18,0,100,,429,17,0,16 18,0,100,,430,17,0,16 18,0
4600,'4794',925,,653,18,,,0,100,,654,18,,,0,100,,645,18,,,0,100,,647,18,,,0,100,,649,18,,,0,100,,644,18,,,0,100,,651,18,,,0,100,,652,18,,,0,100,,648,18,,,0,100,,650,18,,,0,100,,646,18,,,0
4600,'4795',753,,662,18,,,0,101,,663,18,,,0,99,,664,18,,,0,100,,666,18,,,0,100,,665,18,,,0,100,,667,18,,,0,100,,668,18,,,0,100,,655,18,,,0,100,,656,18,,,0,100,,657,18,,,0,100,,658,18,,,0,100,,659,18,,,0,99,,661,18,,,0,100,,660,18,,,0
4600,'4800',825,,669,18,,,0,100,,678,18,,,0,100,,682,18,,,0,100,,674,18,,,0,100,,671,18,,,0,100,,675,18,,,0,100,,677,18,,,0,100,,679,18,,,0,100,,672,18,,,0,100,,680,18,,,0,100,,676,18,,,0,100,,670,18,,,0,100,,681,18,,,0
5500,'4794',920,,753,28,0,18,0,100,,759,28,0,18,0,100,,750,28,0,18,0,100,,752,28,0,18,0,100,,754,28,0,18,0,100,,749,28,0,18,0,100,,755,28,0,18,0,100,,751,28,0,18,0,100,,758,28,0,18,0,100,,757,28,0,18,0,100,,756,28,0,18,0
5500,'4795',751,,785,28,0,18,0,80,,781,28,0,18,0,20,,787,28,0,18,0,80,,782,28,0,18,0,20,,793,28,0,18,0,100,,771,28,0,18,0,100,,763,28,0,18,0,100,,795,28,0,18,0,100,,794,28,0,18,0,98,,778,28,0,18,0,104,,783,28,0,18,0,72,,799,28,0,18,0,29,,766,28,0,18,0,72,,780,28,0,18,0,29,,768,28,0,18,0,70,,797,28,0,18,0,28,,769,28,0,18,0,71,,798,28,0,18,0,26,,773,28,0,18,0,100,,777,28,0,18,0
5500,'4800',812,,801,28,0,18,0,108,,802,28,0,18,0,100,,807,28,0,18,0,100,,804,28,0,18,0,100,,806,28,0,18,0,100,,805,28,0,18,0,100,,803,28,0,18,0,100,,814,28,0,18,0,100,,810,28,0,18,0,100,,815,28,0,18,0,100,,811,28,0,18,0,100,,809,28,0,18,0,100,,813,28,0,18,0,100,,808,28,0,18,0,100,,812,28,0,18,0
