1001,'4327',948,,1329,2,,,0,100,,1330,2,,,0,100,,1331,2,,,0,100,,1332,2,,,0,100,,1334,2,,,0,100,,1333,2,,,0,100,,1335,2,,,0,100,,1336,2,,,0,100,,1337,2,,,0,100,,1338,2,,,0
1001,'4795',648,,255,2,,,0,70,,242,2,,,0,30,,243,2,,,0,72,,233,2,,,0,28,,229,2,,,0,70,,247,2,,,0,30,,236,2,,,0,70,,228,2,,,0,30,,250,2,,,0,70,,237,2,,,0,30,,253,2,,,0,70,,238,2,,,0,30,,254,2,,,0,70,,251,2,,,0,30,,230,2,,,0,70,,231,2,,,0,30,,256,2,,,0,70,,239,2,,,0,30,,244,2,,,0,70,,232,2,,,0,30,,240,2,,,0,70,,248,2,,,0,30,,234,2,,,0,70,,246,2,,,0,30,,241,2,,,0,70,,235,2,,,0,30,,252,2,,,0,100,,245,2,,,0,100,,249,2,,,0
1001,'4800',748,,257,2,,,0,70,,258,2,,,0,30,,262,2,,,0,70,,261,2,,,0,30,,260,2,,,0,70,,259,2,,,0,30,,263,2,,,0,70,,264,2,,,0,30,,265,2,,,0,70,,267,2,,,0,30,,266,2,,,0,70,,268,2,,,0,30,,270,2,,,0,70,,269,2,,,0,30,,271,2,,,0,70,,272,2,,,0,30,,273,2,,,0,70,,275,2,,,0,30,,274,2,,,0,70,,277,2,,,0,30,,276,2,,,0,100,,278,2,,,0,100,,279,2,,,0,100,,280,2,,,0
1001,'5102',648,,1366,2,,,0,70,,1353,2,,,0,30,,1354,2,,,0,72,,1344,2,,,0,28,,1340,2,,,0,70,,1358,2,,,0,30,,1347,2,,,0,70,,1339,2,,,0,30,,1361,2,,,0,70,,1348,2,,,0,30,,1364,2,,,0,70,,1349,2,,,0,30,,1365,2,,,0,70,,1362,2,,,0,30,,1341,2,,,0,70,,1343,2,,,0,30,,1367,2,,,0,70,,1350,2,,,0,30,,1355,2,,,0,70,,1342,2,,,0,30,,1351,2,,,0,70,,1359,2,,,0,30,,1345,2,,,0,70,,1357,2,,,0,30,,1352,2,,,0,70,,1346,2,,,0,30,,1363,2,,,0,100,,1356,2,,,0,100,,1360,2,,,0
1001,'5105',748,,1368,2,,,0,70,,1369,2,,,0,30,,1373,2,,,0,70,,1372,2,,,0,30,,1371,2,,,0,70,,1370,2,,,0,30,,1374,2,,,0,70,,1375,2,,,0,30,,1376,2,,,0,70,,1378,2,,,0,30,,1377,2,,,0,70,,1379,2,,,0,30,,1381,2,,,0,70,,1380,2,,,0,30,,1382,2,,,0,70,,1383,2,,,0,30,,1384,2,,,0,70,,1386,2,,,0,30,,1385,2,,,0,70,,1388,2,,,0,30,,1387,2,,,0,100,,1389,2,,,0,100,,1390,2,,,0,100,,1391,2,,,0
1501,'4327',637,,1529,2,,,0,100,,1517,2,,,0,100,,1515,2,,,0,100,,1506,2,,,0,100,,1507,2,,,0,70,,1522,2,,,0,30,,1508,2,,,0,70,,1523,2,,,0,30,,1509,2,,,0,70,,1524,2,,,0,30,,1510,2,,,0,70,,1525,2,,,0,30,,1511,2,,,0,70,,1526,2,,,0,30,,1512,2,,,0,70,,1527,2,,,0,30,,1513,2,,,0,70,,1528,2,,,0,30,,1514,2,,,0,100,,1516,2,,,0,100,,1518,2,,,0,100,,1519,2,,,0,100,,1520,2,,,0,100,,1521,2,,,0
1501,'4795',638,,471,2,,,0,69,,475,2,,,0,45,,480,2,,,0,55,,478,2,,,0,15,,500,2,,,0,15,,465,2,,,0,15,,491,2,,,0,70,,490,2,,,0,15,,466,2,,,0,15,,496,2,,,0,55,,459,2,,,0,15,,487,2,,,0,30,,485,2,,,0,55,,460,2,,,0,15,,493,2,,,0,15,,467,2,,,0,15,,488,2,,,0,70,,492,2,,,0,15,,468,2,,,0,15,,495,2,,,0,55,,461,2,,,0,15,,498,2,,,0,30,,499,2,,,0,55,,462,2,,,0,15,,482,2,,,0,15,,469,2,,,0,15,,489,2,,,0,70,,479,2,,,0,15,,477,2,,,0,15,,486,2,,,0,55,,463,2,,,0,15,,484,2,,,0,30,,497,2,,,0,55,,464,2,,,0,15,,483,2,,,0,15,,476,2,,,0,15,,494,2,,,0,70,,481,2,,,0,15,,470,2,,,0,70,,474,2,,,0,100,,473,2,,,0,200,,472,2,,,0
1501,'4796',737,,502,2,,,0,170,,509,2,,,0,130,,505,2,,,0,170,,508,2,,,0,130,,506,2,,,0,170,,507,2,,,0,130,,510,2,,,0,170,,501,2,,,0,130,,504,2,,,0,170,,503,2,,,0
1501,'4799',737,,512,2,,,0,170,,519,2,,,0,130,,515,2,,,0,170,,518,2,,,0,130,,516,2,,,0,170,,517,2,,,0,130,,520,2,,,0,170,,511,2,,,0,130,,514,2,,,0,170,,513,2,,,0,130,,525,2,0,16 17,0,100,,524,2,0,16 17,0,100,,523,2,0,16 17,0,100,,522,2,0,16 17,0,100,,521,2,0,16 17,0
1501,'4800',637,,553,2,,,0,100,,526,2,,,0,100,,527,2,,,0,100,,529,2,,,0,100,,530,2,,,0,70,,528,2,,,0,30,,532,2,,,0,70,,531,2,,,0,30,,536,2,,,0,70,,533,2,,,0,30,,534,2,,,0,70,,538,2,,,0,30,,535,2,,,0,70,,539,2,,,0,30,,537,2,,,0,70,,540,2,,,0,30,,541,2,,,0,70,,542,2,,,0,30,,543,2,,,0,70,,554,2,,,0,30,,545,2,,,0,100,,547,2,,,0,100,,544,2,,,0,100,,548,2,,,0,100,,546,2,,,0,100,,549,2,0,16 17,0,100,,550,2,0,16 17,0,100,,551,2,0,16 17,0,100,,552,2,0,16 17,0
1501,'5102',638,,1542,2,,,0,69,,1546,2,,,0,30,,1551,2,,,0,70,,1549,2,,,0,30,,1536,2,,,0,70,,1558,2,,,0,30,,1537,2,,,0,70,,1530,2,,,0,30,,1554,2,,,0,70,,1531,2,,,0,30,,1538,2,,,0,70,,1557,2,,,0,30,,1539,2,,,0,70,,1532,2,,,0,30,,1555,2,,,0,70,,1533,2,,,0,30,,1540,2,,,0,70,,1556,2,,,0,30,,1548,2,,,0,70,,1534,2,,,0,30,,1559,2,,,0,70,,1535,2,,,0,30,,1547,2,,,0,70,,1550,2,,,0,30,,1541,2,,,0,70,,1545,2,,,0,30,,1553,2,,,0,70,,1544,2,,,0,100,,1552,2,,,0,100,,1543,2,,,0
1501,'5105',637,,1583,2,,,0,100,,1560,2,,,0,100,,1561,2,,,0,100,,1563,2,,,0,100,,1564,2,,,0,70,,1562,2,,,0,30,,1566,2,,,0,70,,1565,2,,,0,30,,1570,2,,,0,70,,1567,2,,,0,30,,1568,2,,,0,70,,1572,2,,,0,30,,1569,2,,,0,70,,1573,2,,,0,30,,1571,2,,,0,70,,1574,2,,,0,30,,1575,2,,,0,70,,1576,2,,,0,30,,1577,2,,,0,70,,1584,2,,,0,30,,1579,2,,,0,100,,1581,2,,,0,100,,1578,2,,,0,100,,1582,2,,,0,100,,1580,2,,,0
4701,'4795',743,,744,2,,,0,100,,745,2,,,0,100,,748,2,,,0,100,,743,2,,,0,100,,746,2,,,0,100,,747,2,,,0,100,,736,2,,,0,100,,741,2,,,0,100,,739,2,,,0,100,,738,2,,,0,100,,742,2,,,0,100,,737,2,,,0,100,,740,2,,,0
4701,'5102',743,,1763,2,,,0,100,,1764,2,,,0,100,,1767,2,,,0,100,,1762,2,,,0,100,,1765,2,,,0,100,,1766,2,,,0,100,,1755,2,,,0,100,,1760,2,,,0,100,,1758,2,,,0,100,,1757,2,,,0,100,,1761,2,,,0,100,,1756,2,,,0,100,,1759,2,,,0
