8900,'4327',645,,1957,5,,,0,100,,1965,5,,,0,102,,1956,36,,,0,100,,1954,36,,,0,100,,1945,36,,,0,100,,1947,36,,,0,100,,1946,36,,,0,70,,1966,36,,,0,30,,1948,36,,,0,70,,1964,36,,,0,30,,1949,36,,,0,70,,1962,36,,,0,30,,1950,36,,,0,70,,1963,36,,,0,30,,1951,36,,,0,70,,1967,36,,,0,30,,1953,36,,,0,100,,1955,36,,,0,100,,1952,36,,,0,100,,1959,36,,,0,100,,1961,36,,,0,100,,1958,36,,,0
8900,'4795',615,,984,5,,,0,30,,981,5,,,0,72,,983,14,,,0,40,,963,36,,,0,60,,980,36,,,0,22,,965,36,,,0,19,,970,36,,,0,59,,979,36,,,0,22,,966,36,,,0,19,,967,36,,,0,59,,953,36,,,0,30,,964,36,,,0,70,,973,36,,,0,30,,952,36,,,0,70,,956,36,,,0,30,,961,36,,,0,70,,977,36,,,0,30,,951,36,,,0,70,,955,36,,,0,30,,962,36,,,0,70,,976,36,,,0,18,,985,36,,,0,19,,954,36,,,0,63,,957,36,,,0,18,,986,36,,,0,19,,968,36,,,0,63,,975,36,,,0,30,,974,36,,,0,70,,960,36,,,0,30,,972,36,,,0,70,,969,36,,,0,30,,982,36,,,0,70,,959,36,,,0,100,,978,36,,,0,100,,958,36,,,0
8900,'4800',645,,1003,5,,,0,100,,1005,5,,,0,72,,1014,36,,,0,30,,987,36,,,0,70,,1013,36,,,0,30,,988,36,,,0,70,,1012,36,,,0,30,,989,36,,,0,70,,1009,36,,,0,30,,990,36,,,0,70,,1008,36,,,0,30,,992,36,,,0,70,,1004,36,,,0,30,,994,36,,,0,70,,1006,36,,,0,30,,991,36,,,0,70,,1007,36,,,0,30,,997,36,,,0,70,,1010,36,,,0,30,,998,36,,,0,70,,1011,36,,,0,30,,993,36,,,0,70,,1015,36,,,0,30,,996,36,,,0,70,,1016,36,,,0,30,,995,36,,,0,100,,999,36,,,0,100,,1000,36,,,0,100,,1001,36,,,0
8900,'5102',615,,2001,5,,,0,30,,1998,5,,,0,72,,2000,14,,,0,40,,1980,36,,,0,60,,1997,36,,,0,22,,1982,36,,,0,19,,1987,36,,,0,59,,1996,36,,,0,22,,1983,36,,,0,19,,1984,36,,,0,59,,1971,36,,,0,30,,1981,36,,,0,70,,1991,36,,,0,30,,1969,36,,,0,70,,1970,36,,,0,30,,1978,36,,,0,70,,1994,36,,,0,30,,1968,36,,,0,70,,1973,36,,,0,30,,1979,36,,,0,70,,1993,36,,,0,18,,2002,36,,,0,19,,1972,36,,,0,63,,1974,36,,,0,18,,2003,36,,,0,19,,1986,36,,,0,63,,1992,36,,,0,30,,1988,36,,,0,70,,1977,36,,,0,30,,1990,36,,,0,70,,1985,36,,,0,30,,1999,36,,,0,70,,1976,36,,,0,100,,1995,36,,,0,100,,1975,36,,,0
8900,'5105',645,,2020,5,,,0,100,,2022,5,,,0,72,,2031,36,,,0,30,,2004,36,,,0,70,,2030,36,,,0,30,,2005,36,,,0,70,,2029,36,,,0,30,,2006,36,,,0,70,,2026,36,,,0,30,,2007,36,,,0,70,,2025,36,,,0,30,,2009,36,,,0,70,,2021,36,,,0,30,,2011,36,,,0,70,,2023,36,,,0,30,,2008,36,,,0,70,,2024,36,,,0,30,,2014,36,,,0,70,,2027,36,,,0,30,,2015,36,,,0,70,,2028,36,,,0,30,,2010,36,,,0,70,,2032,36,,,0,30,,2013,36,,,0,70,,2033,36,,,0,30,,2012,36,,,0,100,,2016,36,,,0,100,,2017,36,,,0,100,,2018,36,,,0
9100,'4327',824,,2044,22,,,0,100,,2036,22,,,0,100,,2034,22,,,0,100,,2035,22,,,0,100,,2037,22,,,0,100,,2039,22,,,0,100,,2041,22,,,0,100,,2038,22,,,0,100,,2040,22,,,0,100,,2042,22,,,0,100,,2043,22,,,0
9100,'4795',724,,1028,22,,,0,100,,1030,22,,,0,100,,1031,22,,,0,100,,1034,22,,,0,100,,1029,22,,,0,100,,1036,22,,,0,100,,1033,22,,,0,100,,1035,22,,,0,100,,1037,22,,,0,101,,1032,22,,,0,100,,1038,22,,,0,99,,1039,22,,,0,100,,1040,22,,,0,100,,1041,22,,,0
9100,'4800',824,,1046,22,,,0,100,,1045,22,,,0,100,,1052,22,,,0,100,,1053,22,,,0,100,,1042,22,,,0,100,,1043,22,,,0,100,,1047,22,,,0,100,,1044,22,,,0,100,,1049,22,,,0,100,,1050,22,,,0,100,,1051,22,,,0,100,,1048,22,,,0,100,,1054,22,,,0
9100,'5102',724,,2045,22,,,0,100,,2047,22,,,0,100,,2048,22,,,0,100,,2051,22,,,0,100,,2046,22,,,0,100,,2053,22,,,0,100,,2050,22,,,0,100,,2052,22,,,0,100,,2055,22,,,0,101,,2049,22,,,0,100,,2056,22,,,0,99,,2057,22,,,0,100,,2054,22,,,0,100,,2058,22,,,0
9100,'5105',824,,2063,22,,,0,100,,2062,22,,,0,100,,2069,22,,,0,100,,2070,22,,,0,100,,2059,22,,,0,100,,2060,22,,,0,100,,2064,22,,,0,100,,2061,22,,,0,100,,2066,22,,,0,100,,2067,22,,,0,100,,2068,22,,,0,100,,2065,22,,,0,100,,2071,22,,,0
9600,'4795',811,,1097,24,0,8 9 10 11,0,3,,1096,24,0,8 9 10 11,0
9600,'5102',811,,2114,24,0,8 9 10 11,0,3,,2113,24,0,8 9 10 11,0
