500,'4327',804,,1166,34,,,0,98,,1160,34,,,0,100,,1165,34,,,0,100,,1164,34,,,0,100,,1167,34,,,0,100,,1161,34,,,0,100,,1162,34,,,0,100,,1163,34,,,0,100,,1174,34,,,0,100,,1173,34,,,0,100,,1172,34,,,0,100,,1171,34,,,0,100,,1170,34,,,0,100,,1168,34,,,0,100,,1169,34,,,0
500,'4795',734,,66,34,,,0,68,,75,34,,,0,25,,65,34,,,0,75,,76,34,,,0,25,,64,34,,,0,75,,77,34,,,0,100,,81,34,,,0,100,,82,34,,,0,100,,78,34,,,0,100,,79,34,,,0,100,,80,34,,,0,100,,70,34,,,0,30,,84,34,,,0,70,,68,34,,,0,30,,67,34,,,0,70,,69,34,,,0,30,,85,34,,,0,70,,72,34,,,0,100,,73,34,,,0,100,,71,34,,,0,100,,74,34,,,0,100,,83,34,,,0
500,'4800',804,,87,34,,,0,98,,91,34,,,0,100,,88,34,,,0,100,,95,34,,,0,100,,86,34,,,0,100,,96,34,,,0,100,,100,34,,,0,100,,99,34,,,0,100,,89,34,,,0,100,,97,34,,,0,100,,98,34,,,0,100,,93,34,,,0,100,,94,34,,,0,100,,92,34,,,0,100,,90,34,,,0
500,'5102',734,,1177,34,,,0,68,,1186,34,,,0,25,,1176,34,,,0,75,,1187,34,,,0,25,,1175,34,,,0,75,,1188,34,,,0,100,,1192,34,,,0,100,,1193,34,,,0,100,,1189,34,,,0,100,,1190,34,,,0,100,,1191,34,,,0,100,,1181,34,,,0,30,,1195,34,,,0,70,,1179,34,,,0,30,,1178,34,,,0,70,,1180,34,,,0,30,,1196,34,,,0,70,,1184,34,,,0,100,,1182,34,,,0,100,,1183,34,,,0,100,,1185,34,,,0,100,,1194,34,,,0
500,'5105',804,,1198,34,,,0,98,,1202,34,,,0,100,,1199,34,,,0,100,,1206,34,,,0,100,,1197,34,,,0,100,,1207,34,,,0,100,,1211,34,,,0,100,,1210,34,,,0,100,,1200,34,,,0,100,,1208,34,,,0,100,,1209,34,,,0,100,,1204,34,,,0,100,,1205,34,,,0,100,,1203,34,,,0,100,,1201,34,,,0
1000,'4327',945,,1264,14,,,0,100,,1267,14,,,0,100,,1265,14,,,0,100,,1266,14,,,0,100,,1268,14,,,0,100,,1269,14,,,0,100,,1271,14,,,0,100,,1270,14,,,0,100,,1272,14,,,0,100,,1273,14,,,0
1000,'4795',645,,190,14,,,0,70,,177,14,,,0,30,,178,14,,,0,71,,171,14,,,0,29,,164,14,,,0,70,,180,14,,,0,30,,173,14,,,0,70,,163,14,,,0,30,,182,14,,,0,70,,172,14,,,0,30,,185,14,,,0,70,,170,14,,,0,30,,187,14,,,0,70,,186,14,,,0,30,,165,14,,,0,70,,167,14,,,0,30,,191,14,,,0,70,,174,14,,,0,30,,179,14,,,0,70,,166,14,,,0,30,,176,14,,,0,70,,183,14,,,0,30,,169,14,,,0,70,,175,14,,,0,30,,181,14,,,0,70,,188,14,,,0,30,,168,14,,,0,100,,184,14,,,0,100,,189,14,,,0
1000,'4800',745,,192,14,,,0,70,,193,14,,,0,30,,194,14,,,0,70,,195,14,,,0,30,,199,14,,,0,70,,197,14,,,0,30,,196,14,,,0,70,,198,14,,,0,30,,200,14,,,0,70,,201,14,,,0,30,,202,14,,,0,70,,203,14,,,0,30,,204,14,,,0,70,,205,14,,,0,30,,206,14,,,0,70,,207,14,,,0,30,,208,14,,,0,70,,210,14,,,0,30,,209,14,,,0,70,,211,14,,,0,30,,212,14,,,0,70,,217,14,,,0,30,,213,14,,,0,100,,214,14,,,0,100,,216,14,,,0,100,,215,14,,,0
1000,'5102',645,,1301,14,,,0,70,,1288,14,,,0,30,,1289,14,,,0,71,,1282,14,,,0,29,,1275,14,,,0,70,,1291,14,,,0,30,,1284,14,,,0,70,,1274,14,,,0,30,,1293,14,,,0,70,,1283,14,,,0,30,,1296,14,,,0,70,,1281,14,,,0,30,,1298,14,,,0,70,,1297,14,,,0,30,,1276,14,,,0,70,,1278,14,,,0,30,,1302,14,,,0,70,,1285,14,,,0,30,,1290,14,,,0,70,,1277,14,,,0,30,,1287,14,,,0,70,,1294,14,,,0,30,,1280,14,,,0,70,,1286,14,,,0,30,,1292,14,,,0,70,,1299,14,,,0,30,,1279,14,,,0,100,,1295,14,,,0,100,,1300,14,,,0
1000,'5105',745,,1303,14,,,0,70,,1304,14,,,0,30,,1305,14,,,0,70,,1306,14,,,0,30,,1310,14,,,0,70,,1308,14,,,0,30,,1307,14,,,0,70,,1309,14,,,0,30,,1311,14,,,0,70,,1312,14,,,0,30,,1313,14,,,0,70,,1314,14,,,0,30,,1315,14,,,0,70,,1316,14,,,0,30,,1317,14,,,0,70,,1318,14,,,0,30,,1319,14,,,0,70,,1321,14,,,0,30,,1320,14,,,0,70,,1322,14,,,0,30,,1323,14,,,0,70,,1328,14,,,0,30,,1324,14,,,0,100,,1325,14,,,0,100,,1327,14,,,0,100,,1326,14,,,0
