4700,'4795',713,,735,10,,,0,100,,723,10,,,0,100,,733,10,,,0,100,,729,10,,,0,100,,732,10,,,0,100,,734,10,,,0,100,,722,10,,,0,100,,731,10,,,0,101,,724,10,,,0,100,,730,10,,,0,99,,726,10,,,0,100,,727,10,,,0,100,,728,10,,,0,100,,725,10,,,0
4700,'5102',713,,1754,10,,,0,100,,1742,10,,,0,100,,1752,10,,,0,100,,1748,10,,,0,100,,1751,10,,,0,100,,1753,10,,,0,100,,1741,10,,,0,100,,1750,10,,,0,101,,1743,10,,,0,100,,1749,10,,,0,99,,1745,10,,,0,100,,1746,10,,,0,100,,1747,10,,,0,100,,1744,10,,,0
5500,'4327',905,,1772,10,0,18,0,100,,1778,10,0,18,0,100,,1769,10,0,18,0,100,,1771,10,0,18,0,100,,1773,10,0,18,0,100,,1768,10,0,18,0,100,,1774,10,0,18,0,100,,1770,10,0,18,0,100,,1777,10,0,18,0,100,,1776,10,0,18,0,100,,1775,10,0,18,0
5500,'4795',735,,785,10,0,18,0,80,,781,10,0,18,0,20,,787,10,0,18,0,80,,782,10,0,18,0,20,,793,10,0,18,0,100,,771,10,0,18,0,100,,763,10,0,18,0,100,,795,10,0,18,0,100,,794,10,0,18,0,99,,778,10,0,18,0,100,,783,10,0,18,0,72,,799,10,0,18,0,31,,766,10,0,18,0,72,,780,10,0,18,0,29,,768,10,0,18,0,72,,797,10,0,18,0,28,,769,10,0,18,0,72,,798,10,0,18,0,26,,773,10,0,18,0,100,,777,10,0,18,0
5500,'4800',757,,801,10,0,18,0,148,,802,10,0,18,0,100,,807,10,0,18,0,100,,804,10,0,18,0,100,,806,10,0,18,0,100,,805,10,0,18,0,100,,803,10,0,18,0,100,,814,10,0,18,0,100,,810,10,0,18,0,100,,815,10,0,18,0,100,,811,10,0,18,0,100,,809,10,0,18,0,100,,813,10,0,18,0,100,,808,10,0,18,0,100,,812,10,0,18,0
5500,'5102',735,,1804,10,0,18,0,80,,1801,10,0,18,0,20,,1806,10,0,18,0,80,,1800,10,0,18,0,20,,1812,10,0,18,0,100,,1790,10,0,18,0,100,,1782,10,0,18,0,100,,1814,10,0,18,0,100,,1813,10,0,18,0,99,,1797,10,0,18,0,100,,1802,10,0,18,0,103,,1785,10,0,18,0,72,,1799,10,0,18,0,29,,1787,10,0,18,0,72,,1816,10,0,18,0,28,,1788,10,0,18,0,72,,1817,10,0,18,0,26,,1792,10,0,18,0,100,,1796,10,0,18,0
5500,'5105',757,,1818,10,0,18,0,148,,1819,10,0,18,0,100,,1824,10,0,18,0,100,,1821,10,0,18,0,100,,1823,10,0,18,0,100,,1822,10,0,18,0,100,,1820,10,0,18,0,100,,1831,10,0,18,0,100,,1827,10,0,18,0,100,,1832,10,0,18,0,100,,1828,10,0,18,0,100,,1826,10,0,18,0,100,,1830,10,0,18,0,100,,1825,10,0,18,0,100,,1829,10,0,18,0
8900,'4327',803,,1956,11,,,0,100,,1954,11,,,0,100,,1945,11,,,0,100,,1947,11,,,0,100,,1946,11,,,0,30,,1966,11,,,0,70,,1948,11,,,0,30,,1964,11,,,0,70,,1949,11,,,0,30,,1962,11,,,0,70,,1950,11,,,0,30,,1963,11,,,0,70,,1951,11,,,0,30,,1967,11,,,0,70,,1953,11,,,0,100,,1955,11,,,0,100,,1952,11,,,0,100,,1959,11,,,0,100,,1961,11,,,0,100,,1958,11,,,0,100,,1960,11,0,5 6,0
8900,'4795',713,,963,11,,,0,20,,980,11,,,0,22,,965,11,,,0,59,,970,11,,,0,19,,979,11,,,0,22,,966,11,,,0,59,,967,11,,,0,19,,953,11,,,0,70,,964,11,,,0,30,,973,11,,,0,70,,952,11,,,0,30,,956,11,,,0,70,,961,11,,,0,30,,977,11,,,0,70,,951,11,,,0,30,,955,11,,,0,70,,962,11,,,0,30,,976,11,,,0,18,,985,11,,,0,59,,954,11,,,0,23,,957,11,,,0,18,,986,11,,,0,59,,968,11,,,0,23,,975,11,,,0,70,,974,11,,,0,30,,960,11,,,0,70,,972,11,,,0,30,,969,11,,,0,70,,982,11,,,0,30,,959,11,,,0,100,,978,11,,,0,100,,958,11,,,0,100,,971,11,0,5 6,0
8900,'4800',733,,1014,11,,,0,70,,987,11,,,0,30,,1013,11,,,0,70,,988,11,,,0,30,,1012,11,,,0,70,,989,11,,,0,30,,1009,11,,,0,70,,990,11,,,0,30,,1008,11,,,0,70,,992,11,,,0,30,,1004,11,,,0,70,,994,11,,,0,30,,1006,11,,,0,70,,991,11,,,0,30,,1007,11,,,0,70,,997,11,,,0,30,,1010,11,,,0,70,,998,11,,,0,30,,1011,11,,,0,70,,993,11,,,0,30,,1015,11,,,0,70,,996,11,,,0,30,,1016,11,,,0,70,,995,11,,,0,100,,999,11,,,0,100,,1000,11,,,0,100,,1001,11,,,0,100,,1002,11,0,5 6,0
8900,'5102',713,,1980,11,,,0,20,,1997,11,,,0,22,,1982,11,,,0,59,,1987,11,,,0,19,,1996,11,,,0,22,,1983,11,,,0,59,,1984,11,,,0,19,,1971,11,,,0,70,,1981,11,,,0,30,,1991,11,,,0,70,,1969,11,,,0,30,,1970,11,,,0,70,,1978,11,,,0,30,,1994,11,,,0,70,,1968,11,,,0,30,,1973,11,,,0,70,,1979,11,,,0,30,,1993,11,,,0,18,,2002,11,,,0,59,,1972,11,,,0,23,,1974,11,,,0,18,,2003,11,,,0,59,,1986,11,,,0,23,,1992,11,,,0,70,,1988,11,,,0,30,,1977,11,,,0,70,,1990,11,,,0,30,,1985,11,,,0,70,,1999,11,,,0,30,,1976,11,,,0,100,,1995,11,,,0,100,,1975,11,,,0,100,,1989,11,0,5 6,0
8900,'5105',733,,2031,11,,,0,70,,2004,11,,,0,30,,2030,11,,,0,70,,2005,11,,,0,30,,2029,11,,,0,70,,2006,11,,,0,30,,2026,11,,,0,70,,2007,11,,,0,30,,2025,11,,,0,70,,2009,11,,,0,30,,2021,11,,,0,70,,2011,11,,,0,30,,2023,11,,,0,70,,2008,11,,,0,30,,2024,11,,,0,70,,2014,11,,,0,30,,2027,11,,,0,70,,2015,11,,,0,30,,2028,11,,,0,70,,2010,11,,,0,30,,2032,11,,,0,70,,2013,11,,,0,30,,2033,11,,,0,70,,2012,11,,,0,100,,2016,11,,,0,100,,2017,11,,,0,100,,2018,11,,,0,100,,2019,11,0,5 6,0
