9100,'4327',816,,2044,12,,,0,100,,2036,12,,,0,100,,2034,12,,,0,100,,2035,12,,,0,100,,2037,12,,,0,100,,2039,12,,,0,100,,2041,12,,,0,100,,2038,12,,,0,100,,2040,12,,,0,100,,2042,12,,,0,100,,2043,12,,,0
9100,'4795',714,,1028,12,,,0,100,,1030,12,,,0,100,,1031,12,,,0,100,,1034,12,,,0,100,,1029,12,,,0,100,,1036,12,,,0,100,,1033,12,,,0,100,,1035,12,,,0,100,,1037,12,,,0,101,,1032,12,,,0,100,,1038,12,,,0,99,,1039,12,,,0,100,,1040,12,,,0,100,,1041,12,,,0
9100,'4800',816,,1046,12,,,0,100,,1045,12,,,0,100,,1052,12,,,0,100,,1053,12,,,0,100,,1042,12,,,0,100,,1043,12,,,0,100,,1047,12,,,0,100,,1044,12,,,0,100,,1049,12,,,0,100,,1050,12,,,0,100,,1051,12,,,0,100,,1048,12,,,0,100,,1054,12,,,0
9100,'5102',714,,2045,12,,,0,100,,2047,12,,,0,100,,2048,12,,,0,100,,2051,12,,,0,100,,2046,12,,,0,100,,2053,12,,,0,100,,2050,12,,,0,100,,2052,12,,,0,100,,2055,12,,,0,101,,2049,12,,,0,100,,2056,12,,,0,99,,2057,12,,,0,100,,2054,12,,,0,100,,2058,12,,,0
9100,'5105',816,,2063,12,,,0,100,,2062,12,,,0,100,,2069,12,,,0,100,,2070,12,,,0,100,,2059,12,,,0,100,,2060,12,,,0,100,,2064,12,,,0,100,,2061,12,,,0,100,,2066,12,,,0,100,,2067,12,,,0,100,,2068,12,,,0,100,,2065,12,,,0,100,,2071,12,,,0
9101,'4327',849,,2081,27,,,0,100,,2073,27,,,0,100,,2076,27,,,0,100,,2074,27,,,0,100,,2075,27,,,0,100,,2077,27,,,0,100,,2072,27,,,0,100,,2078,27,,,0,100,,2079,27,,,0,100,,2080,27,,,0,100,,2082,27,,,0
9101,'4795',649,,1066,27,,,0,100,,1068,27,,,0,100,,1069,27,,,0,100,,1070,27,,,0,100,,1067,27,,,0,100,,1071,27,,,0,100,,1072,27,,,0,100,,1075,27,,,0,100,,1074,27,,,0,100,,1076,27,,,0,101,,1073,27,,,0,100,,1079,27,,,0,99,,1077,27,,,0,100,,1078,27,,,0,100,,1080,27,,,0
9101,'4800',849,,1081,27,,,0,100,,1082,27,,,0,100,,1084,27,,,0,100,,1086,27,,,0,100,,1083,27,,,0,100,,1087,27,,,0,100,,1085,27,,,0,100,,1089,27,,,0,100,,1090,27,,,0,100,,1091,27,,,0,100,,1088,27,,,0,100,,1092,27,,,0,100,,1093,27,,,0
9101,'5102',649,,2084,27,,,0,100,,2083,27,,,0,100,,2086,27,,,0,100,,2087,27,,,0,100,,2085,27,,,0,100,,2088,27,,,0,100,,2089,27,,,0,100,,2092,27,,,0,100,,2091,27,,,0,100,,2093,27,,,0,101,,2090,27,,,0,100,,2096,27,,,0,99,,2094,27,,,0,100,,2095,27,,,0,100,,2097,27,,,0
9101,'5105',849,,2098,27,,,0,100,,2099,27,,,0,100,,2101,27,,,0,100,,2103,27,,,0,100,,2100,27,,,0,100,,2104,27,,,0,100,,2102,27,,,0,100,,2106,27,,,0,100,,2107,27,,,0,100,,2108,27,,,0,100,,2105,27,,,0,100,,2109,27,,,0,100,,2110,27,,,0
9600,'4795',750,,1097,11,0,8 9 10 11,0,3,,1096,11,0,8 9 10 11,0,77,,1095,9,,,0,3,,1094,9,,,0
9600,'5102',750,,2114,11,0,8 9 10 11,0,3,,2113,11,0,8 9 10 11,0,77,,2112,9,,,0,3,,2111,9,,,0
9601,'4795',1454,,1101,11,,,0,79,,1099,22,0,7,0,5,,1098,22,0,7,0
9601,'5102',1454,,2118,11,,,0,79,,2116,22,0,7,0,5,,2115,22,0,7,0
