'4291',4700,71300,,'',0,10100,,'',0,10000,,'',0,10000,,'',0,10000,,'',0,10000,,'',0,10000,,'',0,10000,,'',0,10100,,'',0,10000,,'',0,9900,,'',0,9900,,'',0,10000,,'',0,10000,,'',0
'4430',4700,71300,,'',0,10100,,'',0,10000,,'',0,10000,,'',0,10000,,'',0,10000,,'',0,10000,,'',0,10000,,'',0,10100,,'',0,10000,,'',0,9900,,'',0,9900,,'',0,10000,,'',0,10000,,'',0
'4789',4700,71300,,'',0,10100,,'',0,10000,,'',0,10000,,'',0,10000,,'',0,10000,,'',0,10000,,'',0,10000,,'',0,10100,,'',0,10000,,'',0,9900,,'',0,9900,,'',0,10000,,'',0,10000,,'',0
'4792',4700,71300,,'',0,10100,,'',0,10000,,'',0,10000,,'',0,10000,,'',0,10000,,'',0,10000,,'',0,10000,,'',0,10100,,'',0,10000,,'',0,9900,,'',0,9900,,'',0
'4291',5500,73600,0,'Downtown',0,8000,0,'Downtown',0,2000,0,'Downtown',0,8000,0,'Downtown',0,2000,0,'Downtown',0,10000,0,'Downtown',0,10000,0,'Downtown',0,10000,0,'Downtown',0,10000,0,'Downtown',0,9900,0,'Downtown',0,10000,0,'Downtown',0,7200,0,'Downtown',0,3100,0,'Downtown',0,7200,0,'Downtown',0,2900,0,'Downtown',0,7200,0,'Downtown',0,2800,0,'Downtown',0,7200,0,'Downtown',0,2600,0,'Downtown',0,10000,0,'Downtown',0
'4357',5500,90600,0,'Downtown',0,10000,0,'Downtown',0,10000,0,'Downtown',0,10000,0,'Downtown',0,10000,0,'Downtown',0,10000,0,'Downtown',0,10000,0,'Downtown',0,10000,0,'Downtown',0,10000,0,'Downtown',0,10000,0,'Downtown',0,10000,0,'Downtown',0
'4360',5500,75800,0,'Downtown',0,14800,0,'Downtown',0,10000,0,'Downtown',0,10000,0,'Downtown',0,10000,0,'Downtown',0,10000,0,'Downtown',0,10000,0,'Downtown',0,10000,0,'Downtown',0,10000,0,'Downtown',0,10000,0,'Downtown',0,10000,0,'Downtown',0,10000,0,'Downtown',0,10000,0,'Downtown',0,10000,0,'Downtown',0,10000,0,'Downtown',0
'4430',5500,73600,0,'Downtown',0,8000,0,'Downtown',0,2000,0,'Downtown',0,8000,0,'Downtown',0,2000,0,'Downtown',0,10000,0,'Downtown',0,10000,0,'Downtown',0,10000,0,'Downtown',0,10000,0,'Downtown',0,9900,0,'Downtown',0,10000,0,'Downtown',0,10300,0,'Downtown',0,7200,0,'Downtown',0,2900,0,'Downtown',0,7200,0,'Downtown',0,2800,0,'Downtown',0,7200,0,'Downtown',0,2600,0,'Downtown',0,10000,0,'Downtown',0
'4788',5500,90600,0,'Downtown',0,10000,0,'Downtown',0,10000,0,'Downtown',0,10000,0,'Downtown',0,10000,0,'Downtown',0,10000,0,'Downtown',0,10000,0,'Downtown',0,10000,0,'Downtown',0,10000,0,'Downtown',0,10000,0,'Downtown',0,10000,0,'Downtown',0
'4789',5500,73600,0,'Downtown',0,8000,0,'Downtown',0,2000,0,'Downtown',0,8000,0,'Downtown',0,2000,0,'Downtown',0,10000,0,'Downtown',0,10000,0,'Downtown',0,10000,0,'Downtown',0,10000,0,'Downtown',0,9900,0,'Downtown',0,10000,0,'Downtown',0,10300,0,'Downtown',0,7200,0,'Downtown',0,2900,0,'Downtown',0,7200,0,'Downtown',0,2800,0,'Downtown',0,7200,0,'Downtown',0,2600,0,'Downtown',0,10000,0,'Downtown',0
'4792',5500,73600,0,'Downtown',0,8000,0,'Downtown',0,2000,0,'Downtown',0,8000,0,'Downtown',0,2000,0,'Downtown',0,10000,0,'Downtown',0,10000,0,'Downtown',0,10000,0,'Downtown',0,10000,0,'Downtown',0,9900,0,'Downtown',0,10000,0,'Downtown',0,10300,0,'Downtown',0,7200,0,'Downtown',0,2900,0,'Downtown',0,7200,0,'Downtown',0,2800,0,'Downtown',0
'4793',5500,75800,0,'Downtown',0,14800,0,'Downtown',0,10000,0,'Downtown',0,10000,0,'Downtown',0,10000,0,'Downtown',0,10000,0,'Downtown',0,10000,0,'Downtown',0,10000,0,'Downtown',0,10000,0,'Downtown',0,10000,0,'Downtown',0,10000,0,'Downtown',0,10000,0,'Downtown',0,10000,0,'Downtown',0,10000,0,'Downtown',0,10000,0,'Downtown',0
