1501,'4799',2244,,525,11,0,16 17,0,100,,524,11,0,16 17,0,100,,523,11,0,16 17,0,100,,522,11,0,16 17,0,100,,521,11,0,16 17,0
1501,'4800',2344,,549,11,0,16 17,0,100,,550,11,0,16 17,0,100,,551,11,0,16 17,0,100,,552,11,0,16 17,0
4600,'4327',916,,1672,6,,,0,100,,1673,6,,,0,100,,1664,6,,,0,100,,1666,6,,,0,100,,1668,6,,,0,100,,1663,6,,,0,100,,1670,6,,,0,100,,1671,6,,,0,100,,1667,6,,,0,100,,1669,6,,,0,100,,1665,6,,,0
4600,'4795',743,,662,6,,,0,101,,663,6,,,0,99,,664,6,,,0,100,,666,6,,,0,100,,665,6,,,0,100,,667,6,,,0,100,,668,6,,,0,100,,655,6,,,0,100,,656,6,,,0,100,,657,6,,,0,100,,658,6,,,0,100,,659,6,,,0,100,,661,6,,,0,100,,660,6,,,0
4600,'4800',816,,669,6,,,0,100,,678,6,,,0,100,,682,6,,,0,100,,674,6,,,0,100,,671,6,,,0,100,,675,6,,,0,100,,677,6,,,0,100,,679,6,,,0,100,,672,6,,,0,100,,680,6,,,0,100,,676,6,,,0,100,,670,6,,,0,100,,681,6,,,0,100,,673,6,0,19,0
4600,'5102',743,,1681,6,,,0,101,,1682,6,,,0,99,,1683,6,,,0,100,,1685,6,,,0,100,,1684,6,,,0,100,,1686,6,,,0,100,,1687,6,,,0,100,,1674,6,,,0,100,,1675,6,,,0,100,,1676,6,,,0,100,,1677,6,,,0,100,,1678,6,,,0,100,,1680,6,,,0,100,,1679,6,,,0
4600,'5105',816,,1688,6,,,0,100,,1697,6,,,0,100,,1701,6,,,0,100,,1693,6,,,0,100,,1690,6,,,0,100,,1694,6,,,0,100,,1696,6,,,0,100,,1698,6,,,0,100,,1691,6,,,0,100,,1699,6,,,0,100,,1695,6,,,0,100,,1689,6,,,0,100,,1700,6,,,0,100,,1692,6,0,19,0
8900,'4327',815,,1956,21,,,0,100,,1954,21,,,0,100,,1945,21,,,0,100,,1947,21,,,0,100,,1946,21,,,0,30,,1966,21,,,0,70,,1948,21,,,0,30,,1964,21,,,0,70,,1949,21,,,0,30,,1962,21,,,0,70,,1950,21,,,0,30,,1963,21,,,0,70,,1951,21,,,0,30,,1967,21,,,0,70,,1953,21,,,0,100,,1955,21,,,0,100,,1952,21,,,0,100,,1959,21,,,0,100,,1961,21,,,0,100,,1958,21,,,0
8900,'4795',725,,963,21,,,0,20,,980,21,,,0,62,,965,21,,,0,19,,970,21,,,0,19,,979,21,,,0,62,,966,21,,,0,19,,967,21,,,0,19,,953,21,,,0,70,,964,21,,,0,30,,973,21,,,0,70,,952,21,,,0,30,,956,21,,,0,70,,961,21,,,0,30,,977,21,,,0,70,,951,21,,,0,30,,955,21,,,0,70,,962,21,,,0,30,,976,21,,,0,58,,985,21,,,0,19,,954,21,,,0,23,,957,21,,,0,58,,986,21,,,0,19,,968,21,,,0,23,,975,21,,,0,70,,974,21,,,0,30,,960,21,,,0,70,,972,21,,,0,30,,969,21,,,0,70,,982,21,,,0,30,,959,21,,,0,100,,978,21,,,0,100,,958,21,,,0
8900,'4800',745,,1014,21,,,0,70,,987,21,,,0,30,,1013,21,,,0,70,,988,21,,,0,30,,1012,21,,,0,70,,989,21,,,0,30,,1009,21,,,0,70,,990,21,,,0,30,,1008,21,,,0,70,,992,21,,,0,30,,1004,21,,,0,70,,994,21,,,0,30,,1006,21,,,0,70,,991,21,,,0,30,,1007,21,,,0,70,,997,21,,,0,30,,1010,21,,,0,70,,998,21,,,0,30,,1011,21,,,0,70,,993,21,,,0,30,,1015,21,,,0,70,,996,21,,,0,30,,1016,21,,,0,70,,995,21,,,0,100,,999,21,,,0,100,,1000,21,,,0,100,,1001,21,,,0
8900,'5102',725,,1980,21,,,0,20,,1997,21,,,0,62,,1982,21,,,0,19,,1987,21,,,0,19,,1996,21,,,0,62,,1983,21,,,0,19,,1984,21,,,0,19,,1971,21,,,0,70,,1981,21,,,0,30,,1991,21,,,0,70,,1969,21,,,0,30,,1970,21,,,0,70,,1978,21,,,0,30,,1994,21,,,0,70,,1968,21,,,0,30,,1973,21,,,0,70,,1979,21,,,0,30,,1993,21,,,0,58,,2002,21,,,0,19,,1972,21,,,0,23,,1974,21,,,0,58,,2003,21,,,0,19,,1986,21,,,0,23,,1992,21,,,0,70,,1988,21,,,0,30,,1977,21,,,0,70,,1990,21,,,0,30,,1985,21,,,0,70,,1999,21,,,0,30,,1976,21,,,0,100,,1995,21,,,0,100,,1975,21,,,0
8900,'5105',745,,2031,21,,,0,70,,2004,21,,,0,30,,2030,21,,,0,70,,2005,21,,,0,30,,2029,21,,,0,70,,2006,21,,,0,30,,2026,21,,,0,70,,2007,21,,,0,30,,2025,21,,,0,70,,2009,21,,,0,30,,2021,21,,,0,70,,2011,21,,,0,30,,2023,21,,,0,70,,2008,21,,,0,30,,2024,21,,,0,70,,2014,21,,,0,30,,2027,21,,,0,70,,2015,21,,,0,30,,2028,21,,,0,70,,2010,21,,,0,30,,2032,21,,,0,70,,2013,21,,,0,30,,2033,21,,,0,70,,2012,21,,,0,100,,2016,21,,,0,100,,2017,21,,,0,100,,2018,21,,,0
