501,'4327',733,,1219,8,,,0,98,,1218,23,,,0,100,,1213,23,,,0,100,,1212,23,,,0,100,,1215,23,,,0,100,,1217,23,,,0,100,,1216,23,,,0,100,,1214,23,,,0,100,,1226,23,,,0,100,,1225,23,,,0,100,,1224,23,,,0,100,,1223,23,,,0,100,,1222,23,,,0,100,,1220,23,,,0,100,,1221,23,,,0
501,'4795',706,,116,8,,,0,24,,127,23,,,0,28,,118,23,,,0,73,,128,23,,,0,28,,119,23,,,0,72,,129,23,,,0,100,,126,23,,,0,100,,131,23,,,0,100,,133,23,,,0,100,,130,23,,,0,100,,134,23,,,0,100,,132,23,,,0,70,,136,23,,,0,30,,135,23,,,0,70,,117,23,,,0,30,,122,23,,,0,28,,137,23,,,0,71,,124,23,,,0,100,,123,23,,,0,100,,121,23,,,0,100,,120,23,,,0,99,,125,23,,,0
501,'4800',733,,149,8,,,0,98,,148,23,,,0,100,,139,23,,,0,100,,150,23,,,0,100,,145,23,,,0,100,,151,23,,,0,100,,138,23,,,0,100,,147,23,,,0,100,,141,23,,,0,100,,152,23,,,0,100,,146,23,,,0,100,,142,23,,,0,100,,140,23,,,0,100,,143,23,,,0,100,,144,23,,,0
501,'5102',706,,1227,8,,,0,24,,1238,23,,,0,28,,1229,23,,,0,73,,1239,23,,,0,28,,1230,23,,,0,72,,1240,23,,,0,100,,1237,23,,,0,100,,1242,23,,,0,100,,1244,23,,,0,100,,1241,23,,,0,100,,1245,23,,,0,100,,1243,23,,,0,70,,1247,23,,,0,30,,1246,23,,,0,70,,1228,23,,,0,30,,1233,23,,,0,28,,1248,23,,,0,71,,1235,23,,,0,100,,1234,23,,,0,100,,1232,23,,,0,100,,1231,23,,,0,99,,1236,23,,,0
501,'5105',733,,1260,8,,,0,98,,1259,23,,,0,100,,1250,23,,,0,100,,1261,23,,,0,100,,1256,23,,,0,100,,1262,23,,,0,100,,1249,23,,,0,100,,1258,23,,,0,100,,1252,23,,,0,100,,1263,23,,,0,100,,1257,23,,,0,100,,1253,23,,,0,100,,1251,23,,,0,100,,1254,23,,,0,100,,1255,23,,,0
4601,'4327',906,,1708,30,,,0,100,,1707,30,,,0,100,,1709,30,,,0,100,,1706,30,,,0,100,,1705,30,,,0,100,,1704,30,,,0,100,,1702,30,,,0,100,,1712,30,,,0,100,,1711,30,,,0,100,,1703,30,,,0,100,,1710,30,,,0
4601,'4795',730,,700,30,,,0,100,,701,30,,,0,100,,702,30,,,0,100,,703,30,,,0,100,,704,30,,,0,100,,705,30,,,0,100,,706,30,,,0,100,,707,30,,,0,100,,699,30,,,0,101,,694,30,,,0,100,,695,30,,,0,98,,696,30,,,0,100,,697,30,,,0,100,,698,30,,,0
4601,'4800',806,,720,30,,,0,100,,710,30,,,0,100,,721,30,,,0,100,,708,30,,,0,100,,719,30,,,0,100,,714,30,,,0,100,,715,30,,,0,100,,716,30,,,0,100,,709,30,,,0,100,,717,30,,,0,100,,711,30,,,0,100,,718,30,,,0,100,,713,30,,,0,100,,712,30,,,0
4601,'5102',730,,1719,30,,,0,100,,1720,30,,,0,100,,1721,30,,,0,100,,1723,30,,,0,100,,1724,30,,,0,100,,1722,30,,,0,100,,1725,30,,,0,100,,1726,30,,,0,100,,1718,30,,,0,101,,1713,30,,,0,100,,1715,30,,,0,98,,1714,30,,,0,100,,1716,30,,,0,100,,1717,30,,,0
4601,'5105',806,,1739,30,,,0,100,,1729,30,,,0,100,,1740,30,,,0,100,,1727,30,,,0,100,,1738,30,,,0,100,,1733,30,,,0,100,,1734,30,,,0,100,,1735,30,,,0,100,,1728,30,,,0,100,,1736,30,,,0,100,,1730,30,,,0,100,,1737,30,,,0,100,,1732,30,,,0,100,,1731,30,,,0
5500,'4795',728,,786,20,0,5 6,0,79,,760,33,0,5 6,0,20,,792,33,0,5 6,0,80,,762,33,0,5 6,0,20,,767,33,0,5 6,0,100,,788,33,0,5 6,0,101,,789,33,0,5 6,0,100,,791,33,0,5 6,0,100,,790,33,0,5 6,0,100,,796,33,0,5 6,0,99,,770,33,0,5 6,0,32,,800,20,0,5 6,0,71,,764,33,0,5 6,0,72,,775,33,0,5 6,0,29,,761,33,0,5 6,0,72,,784,33,0,5 6,0,28,,765,33,0,5 6,0,70,,779,33,0,5 6,0,28,,774,33,0,5 6,0,100,,772,33,0,5 6,0
5500,'5102',728,,1805,20,0,5 6,0,79,,1779,33,0,5 6,0,20,,1811,33,0,5 6,0,80,,1781,33,0,5 6,0,20,,1786,33,0,5 6,0,100,,1807,33,0,5 6,0,101,,1808,33,0,5 6,0,100,,1810,33,0,5 6,0,100,,1809,33,0,5 6,0,100,,1815,33,0,5 6,0,99,,1789,33,0,5 6,0,103,,1783,33,0,5 6,0,72,,1794,33,0,5 6,0,29,,1780,33,0,5 6,0,72,,1803,33,0,5 6,0,28,,1784,33,0,5 6,0,70,,1798,33,0,5 6,0,28,,1793,33,0,5 6,0,100,,1791,33,0,5 6,0
5501,'4327',859,,1839,34,,,0,100,,1841,34,,,0,100,,1840,34,,,0,100,,1842,34,,,0,100,,1835,34,,,0,100,,1843,34,,,0,100,,1837,34,,,0,100,,1834,34,,,0,100,,1833,34,,,0,100,,1838,34,,,0,100,,1836,34,,,0
5501,'4800',751,,828,20,,,0,108,,830,33,,,0,100,,833,33,,,0,100,,831,33,,,0,100,,829,33,,,0,100,,835,33,,,0,100,,832,33,,,0,100,,834,33,,,0,100,,839,33,,,0,100,,838,33,,,0,100,,836,33,,,0,100,,827,33,,,0,100,,841,33,,,0,100,,840,33,,,0,100,,837,33,,,0
5501,'5105',751,,1845,20,,,0,108,,1847,33,,,0,100,,1850,33,,,0,100,,1848,33,,,0,100,,1846,33,,,0,100,,1852,33,,,0,100,,1849,33,,,0,100,,1851,33,,,0,100,,1856,33,,,0,100,,1855,33,,,0,100,,1853,33,,,0,100,,1844,33,,,0,100,,1858,33,,,0,100,,1857,33,,,0,100,,1854,33,,,0
