1601,'4327',959,,1585,31,,,0,100,,1586,31,,,0,100,,1587,31,,,0,100,,1589,31,,,0,100,,1590,31,,,0,100,,1591,31,,,0,100,,1588,31,,,0,100,,1592,31,,,0,100,,1593,31,,,0
1601,'4795',729,,565,31,,,0,30,,566,31,,,0,100,,567,31,,,0,70,,574,31,,,0,100,,575,31,,,0,30,,568,31,,,0,100,,564,31,,,0,70,,577,31,,,0,100,,578,31,,,0,30,,570,31,,,0,100,,571,31,,,0,70,,576,31,,,0,100,,579,31,,,0,30,,569,31,,,0,100,,572,31,,,0,70,,580,31,,,0,100,,581,31,,,0,130,,573,31,,,0
1601,'4796',659,,582,28,0,17,0,173,,588,31,,,0,127,,585,31,,,0,170,,587,31,,,0,130,,583,31,,,0,170,,590,31,,,0,130,,584,31,,,0,170,,591,31,,,0,130,,589,31,,,0,170,,592,31,,,0,130,,586,31,,,0
1601,'4799',659,,593,28,0,17,0,173,,599,31,,,0,127,,596,31,,,0,170,,598,31,,,0,130,,594,31,,,0,170,,601,31,,,0,130,,595,31,,,0,170,,602,31,,,0,130,,600,31,,,0,170,,603,31,,,0,130,,597,31,,,0
1601,'4800',759,,606,28,0,17,0,100,,607,31,,,0,100,,605,31,,,0,70,,620,31,,,0,30,,604,31,,,0,70,,622,31,,,0,30,,612,31,,,0,70,,623,31,,,0,30,,613,31,,,0,70,,624,31,,,0,30,,608,31,,,0,70,,621,31,,,0,30,,610,31,,,0,70,,625,31,,,0,30,,614,31,,,0,70,,626,31,,,0,30,,615,31,,,0,100,,616,31,,,0,100,,609,31,,,0,100,,617,31,,,0,100,,618,31,,,0,100,,619,31,,,0,66,,611,31,,,0
1601,'5102',659,,1612,28,0,17,0,70,,1595,31,,,0,30,,1596,31,,,0,73,,1618,31,,,0,27,,1597,31,,,0,70,,1604,31,,,0,30,,1615,31,,,0,70,,1605,31,,,0,30,,1598,31,,,0,70,,1616,31,,,0,30,,1594,31,,,0,70,,1607,31,,,0,30,,1613,31,,,0,70,,1608,31,,,0,30,,1600,31,,,0,70,,1620,31,,,0,30,,1601,31,,,0,70,,1606,31,,,0,30,,1614,31,,,0,70,,1609,31,,,0,30,,1599,31,,,0,70,,1621,31,,,0,30,,1602,31,,,0,70,,1610,31,,,0,30,,1619,31,,,0,70,,1611,31,,,0,100,,1622,31,,,0,30,,1603,31,,,0,100,,1617,31,,,0
1601,'5105',759,,1625,28,0,17,0,100,,1626,31,,,0,100,,1624,31,,,0,70,,1639,31,,,0,30,,1623,31,,,0,70,,1641,31,,,0,30,,1631,31,,,0,70,,1642,31,,,0,30,,1632,31,,,0,70,,1643,31,,,0,30,,1627,31,,,0,70,,1640,31,,,0,30,,1629,31,,,0,70,,1644,31,,,0,30,,1633,31,,,0,70,,1645,31,,,0,30,,1634,31,,,0,100,,1635,31,,,0,100,,1628,31,,,0,100,,1636,31,,,0,100,,1637,31,,,0,100,,1638,31,,,0,66,,1630,31,,,0
1900,'4327',924,,1654,17,,,0,100,,1646,17,,,0,100,,1647,17,,,0,100,,1648,17,,,0,100,,1649,17,,,0,100,,1650,17,,,0,100,,1651,17,,,0,100,,1652,17,,,0,100,,1653,17,,,0,100,,1655,17,,,0
1900,'4800',824,,637,17,,,0,100,,638,17,,,0,800,,639,17,,,0,100,,641,17,,,0,100,,640,17,,,0,100,,642,17,,,0,100,,643,17,,,0
1900,'5105',824,,1656,17,,,0,100,,1657,17,,,0,800,,1658,17,,,0,100,,1660,17,,,0,100,,1659,17,,,0,100,,1661,17,,,0,100,,1662,17,,,0
