100,'4327',904,,1112,2,,,0,100,,1113,2,,,0,100,,1115,2,,,0,100,,1114,2,,,0,100,,1116,2,,,0,100,,1117,2,,,0,100,,1118,2,,,0,100,,1120,2,,,0,100,,1119,2,,,0,100,,1121,2,,,0
100,'4795',604,,32,2,,,0,130,,11,2,,,0,70,,25,2,,,0,30,,18,2,,,0,70,,13,2,,,0,30,,26,2,,,0,70,,20,2,,,0,30,,21,2,,,0,100,,12,2,,,0,100,,31,2,,,0,100,,14,2,,,0,100,,22,2,,,0,100,,15,2,,,0,70,,23,2,,,0,30,,16,2,,,0,70,,29,2,,,0,30,,27,2,,,0,70,,17,2,,,0,100,,24,2,,,0,100,,19,2,,,0,100,,28,2,,,0,100,,30,2,,,0,30,,33,2,,,0
100,'4800',704,,34,2,,,0,100,,35,2,,,0,100,,36,2,,,0,100,,37,2,,,0,100,,38,2,,,0,100,,39,2,,,0,100,,40,2,,,0,100,,41,2,,,0,100,,42,2,,,0,100,,43,2,,,0,100,,44,2,,,0,100,,45,2,,,0,100,,46,2,,,0,100,,48,2,,,0,100,,47,2,,,0
100,'5102',604,,1143,2,,,0,130,,1122,2,,,0,70,,1136,2,,,0,30,,1129,2,,,0,70,,1124,2,,,0,30,,1137,2,,,0,70,,1132,2,,,0,30,,1131,2,,,0,100,,1123,2,,,0,100,,1142,2,,,0,100,,1125,2,,,0,100,,1133,2,,,0,100,,1126,2,,,0,70,,1134,2,,,0,30,,1127,2,,,0,70,,1140,2,,,0,30,,1138,2,,,0,70,,1128,2,,,0,100,,1135,2,,,0,100,,1130,2,,,0,100,,1139,2,,,0,100,,1141,2,,,0,30,,1144,2,,,0
100,'5105',704,,1145,2,,,0,100,,1146,2,,,0,100,,1147,2,,,0,100,,1148,2,,,0,100,,1149,2,,,0,100,,1150,2,,,0,100,,1151,2,,,0,100,,1152,2,,,0,100,,1153,2,,,0,100,,1154,2,,,0,100,,1155,2,,,0,100,,1156,2,,,0,100,,1157,2,,,0,100,,1159,2,,,0,100,,1158,2,,,0
1000,'4327',936,,1264,2,,,0,100,,1267,2,,,0,100,,1265,2,,,0,100,,1266,2,,,0,100,,1268,2,,,0,100,,1269,2,,,0,100,,1271,2,,,0,100,,1270,2,,,0,100,,1272,2,,,0,100,,1273,2,,,0
1000,'4795',636,,190,2,,,0,70,,177,2,,,0,30,,178,2,,,0,67,,171,2,,,0,33,,164,2,,,0,70,,180,2,,,0,30,,173,2,,,0,70,,163,2,,,0,30,,182,2,,,0,70,,172,2,,,0,30,,185,2,,,0,70,,170,2,,,0,30,,187,2,,,0,70,,186,2,,,0,30,,165,2,,,0,70,,167,2,,,0,30,,191,2,,,0,70,,174,2,,,0,30,,179,2,,,0,70,,166,2,,,0,30,,176,2,,,0,70,,183,2,,,0,30,,169,2,,,0,70,,175,2,,,0,30,,181,2,,,0,70,,188,2,,,0,30,,168,2,,,0,100,,184,2,,,0,100,,189,2,,,0
1000,'4800',736,,192,2,,,0,70,,193,2,,,0,30,,194,2,,,0,70,,195,2,,,0,30,,199,2,,,0,70,,197,2,,,0,30,,196,2,,,0,70,,198,2,,,0,30,,200,2,,,0,70,,201,2,,,0,30,,202,2,,,0,70,,203,2,,,0,30,,204,2,,,0,70,,205,2,,,0,30,,206,2,,,0,70,,207,2,,,0,30,,208,2,,,0,70,,210,2,,,0,30,,209,2,,,0,70,,211,2,,,0,30,,212,2,,,0,70,,217,2,,,0,30,,213,2,,,0,100,,214,2,,,0,100,,216,2,,,0,100,,215,2,,,0
1000,'5102',636,,1301,2,,,0,70,,1288,2,,,0,30,,1289,2,,,0,67,,1282,2,,,0,33,,1275,2,,,0,70,,1291,2,,,0,30,,1284,2,,,0,70,,1274,2,,,0,30,,1293,2,,,0,70,,1283,2,,,0,30,,1296,2,,,0,70,,1281,2,,,0,30,,1298,2,,,0,70,,1297,2,,,0,30,,1276,2,,,0,70,,1278,2,,,0,30,,1302,2,,,0,70,,1285,2,,,0,30,,1290,2,,,0,70,,1277,2,,,0,30,,1287,2,,,0,70,,1294,2,,,0,30,,1280,2,,,0,70,,1286,2,,,0,30,,1292,2,,,0,70,,1299,2,,,0,30,,1279,2,,,0,100,,1295,2,,,0,100,,1300,2,,,0
1000,'5105',736,,1303,2,,,0,70,,1304,2,,,0,30,,1305,2,,,0,70,,1306,2,,,0,30,,1310,2,,,0,70,,1308,2,,,0,30,,1307,2,,,0,70,,1309,2,,,0,30,,1311,2,,,0,70,,1312,2,,,0,30,,1313,2,,,0,70,,1314,2,,,0,30,,1315,2,,,0,70,,1316,2,,,0,30,,1317,2,,,0,70,,1318,2,,,0,30,,1319,2,,,0,70,,1321,2,,,0,30,,1320,2,,,0,70,,1322,2,,,0,30,,1323,2,,,0,70,,1328,2,,,0,30,,1324,2,,,0,100,,1325,2,,,0,100,,1327,2,,,0,100,,1326,2,,,0
8801,'4327',712,,1871,15,,,0,100,,1870,15,,,0,100,,1866,15,,,0,100,,1860,15,,,0,100,,1861,15,,,0,30,,1880,15,,,0,70,,1862,15,,,0,30,,1879,15,,,0,70,,1863,15,,,0,30,,1876,15,,,0,70,,1864,15,,,0,30,,1877,15,,,0,70,,1859,15,,,0,30,,1878,15,,,0,70,,1865,15,,,0,30,,1881,15,,,0,70,,1867,15,,,0,100,,1868,15,,,0,100,,1869,15,,,0,100,,1872,15,,,0,100,,1873,15,,,0,100,,1874,15,,,0,92,,1875,15,0,5 6,0
8801,'4795',642,,894,15,,,0,70,,887,15,,,0,30,,896,15,,,0,62,,882,15,,,0,20,,888,15,,,0,18,,893,15,,,0,63,,886,15,,,0,19,,889,15,,,0,18,,895,15,,,0,70,,866,15,,,0,30,,875,15,,,0,70,,881,15,,,0,30,,897,15,,,0,70,,867,15,,,0,30,,876,15,,,0,70,,884,15,,,0,30,,880,15,,,0,70,,865,15,,,0,30,,874,15,,,0,58,,898,15,,,0,20,,883,15,,,0,22,,890,15,,,0,58,,878,15,,,0,20,,872,15,,,0,22,,868,15,,,0,58,,899,15,,,0,20,,892,15,,,0,22,,891,15,,,0,70,,873,15,,,0,30,,871,15,,,0,70,,879,15,,,0,30,,885,15,,,0,100,,869,15,,,0,100,,877,15,,,0,93,,870,15,0,5 6,0
8801,'4800',712,,900,15,,,0,30,,924,15,,,0,70,,902,15,,,0,30,,923,15,,,0,70,,904,15,,,0,30,,919,15,,,0,70,,905,15,,,0,30,,921,15,,,0,70,,901,15,,,0,30,,920,15,,,0,70,,907,15,,,0,30,,922,15,,,0,70,,908,15,,,0,30,,917,15,,,0,70,,906,15,,,0,30,,927,15,,,0,70,,909,15,,,0,30,,918,15,,,0,70,,910,15,,,0,30,,925,15,,,0,70,,903,15,,,0,30,,926,15,,,0,70,,912,15,,,0,100,,913,15,,,0,100,,914,15,,,0,100,,911,15,,,0,100,,915,15,,,0,92,,916,15,0,5 6,0
8801,'5102',642,,1911,15,,,0,70,,1904,15,,,0,30,,1913,15,,,0,62,,1899,15,,,0,20,,1905,15,,,0,18,,1910,15,,,0,63,,1903,15,,,0,19,,1906,15,,,0,18,,1912,15,,,0,70,,1884,15,,,0,30,,1892,15,,,0,70,,1898,15,,,0,30,,1914,15,,,0,70,,1885,15,,,0,30,,1893,15,,,0,70,,1901,15,,,0,30,,1897,15,,,0,70,,1882,15,,,0,30,,1891,15,,,0,58,,1915,15,,,0,20,,1900,15,,,0,22,,1907,15,,,0,58,,1895,15,,,0,20,,1889,15,,,0,22,,1883,15,,,0,58,,1916,15,,,0,20,,1909,15,,,0,22,,1908,15,,,0,70,,1890,15,,,0,30,,1888,15,,,0,70,,1896,15,,,0,30,,1902,15,,,0,100,,1886,15,,,0,100,,1894,15,,,0,93,,1887,15,0,5 6,0
8801,'5105',712,,1917,15,,,0,30,,1941,15,,,0,70,,1919,15,,,0,30,,1940,15,,,0,70,,1921,15,,,0,30,,1936,15,,,0,70,,1922,15,,,0,30,,1938,15,,,0,70,,1918,15,,,0,30,,1937,15,,,0,70,,1924,15,,,0,30,,1939,15,,,0,70,,1925,15,,,0,30,,1934,15,,,0,70,,1923,15,,,0,30,,1944,15,,,0,70,,1926,15,,,0,30,,1935,15,,,0,70,,1927,15,,,0,30,,1942,15,,,0,70,,1920,15,,,0,30,,1943,15,,,0,70,,1929,15,,,0,100,,1930,15,,,0,100,,1931,15,,,0,100,,1928,15,,,0,100,,1932,15,,,0,92,,1933,15,0,5 6,0
