1601,'4327',935,,1585,2,,,0,100,,1586,2,,,0,100,,1587,2,,,0,100,,1589,2,,,0,100,,1590,2,,,0,100,,1591,2,,,0,100,,1588,2,,,0,100,,1592,2,,,0,100,,1593,2,,,0
1601,'4795',704,,565,2,,,0,30,,566,2,,,0,100,,567,2,,,0,70,,574,2,,,0,100,,575,2,,,0,30,,568,2,,,0,100,,564,2,,,0,70,,577,2,,,0,100,,578,2,,,0,30,,570,2,,,0,100,,571,2,,,0,70,,576,2,,,0,100,,579,2,,,0,30,,569,2,,,0,100,,572,2,,,0,70,,580,2,,,0,100,,581,2,,,0,130,,573,2,,,0
1601,'4796',804,,588,2,,,0,130,,585,2,,,0,170,,587,2,,,0,130,,583,2,,,0,170,,590,2,,,0,130,,584,2,,,0,170,,591,2,,,0,130,,589,2,,,0,170,,592,2,,,0,130,,586,2,,,0
1601,'4799',804,,599,2,,,0,130,,596,2,,,0,170,,598,2,,,0,130,,594,2,,,0,170,,601,2,,,0,130,,595,2,,,0,170,,602,2,,,0,130,,600,2,,,0,170,,603,2,,,0,130,,597,2,,,0
1601,'4800',834,,607,2,,,0,100,,605,2,,,0,70,,620,2,,,0,30,,604,2,,,0,70,,622,2,,,0,30,,612,2,,,0,70,,623,2,,,0,30,,613,2,,,0,70,,624,2,,,0,30,,608,2,,,0,70,,621,2,,,0,30,,610,2,,,0,70,,625,2,,,0,30,,614,2,,,0,70,,626,2,,,0,30,,615,2,,,0,100,,616,2,,,0,100,,609,2,,,0,100,,617,2,,,0,100,,618,2,,,0,100,,619,2,,,0,71,,611,2,,,0
1601,'5102',704,,1595,2,,,0,30,,1596,2,,,0,70,,1618,2,,,0,30,,1597,2,,,0,70,,1604,2,,,0,30,,1615,2,,,0,70,,1605,2,,,0,30,,1598,2,,,0,70,,1616,2,,,0,30,,1594,2,,,0,70,,1607,2,,,0,30,,1613,2,,,0,70,,1608,2,,,0,30,,1600,2,,,0,70,,1620,2,,,0,30,,1601,2,,,0,70,,1606,2,,,0,30,,1614,2,,,0,70,,1609,2,,,0,30,,1599,2,,,0,70,,1621,2,,,0,30,,1602,2,,,0,70,,1610,2,,,0,30,,1619,2,,,0,70,,1611,2,,,0,100,,1622,2,,,0,30,,1603,2,,,0,100,,1617,2,,,0
1601,'5105',834,,1626,2,,,0,100,,1624,2,,,0,70,,1639,2,,,0,30,,1623,2,,,0,70,,1641,2,,,0,30,,1631,2,,,0,70,,1642,2,,,0,30,,1632,2,,,0,70,,1643,2,,,0,30,,1627,2,,,0,70,,1640,2,,,0,30,,1629,2,,,0,70,,1644,2,,,0,30,,1633,2,,,0,70,,1645,2,,,0,30,,1634,2,,,0,100,,1635,2,,,0,100,,1628,2,,,0,100,,1636,2,,,0,100,,1637,2,,,0,100,,1638,2,,,0,71,,1630,2,,,0
1900,'4327',904,,1654,2,,,0,100,,1646,2,,,0,100,,1647,2,,,0,100,,1648,2,,,0,100,,1649,2,,,0,100,,1650,2,,,0,100,,1651,2,,,0,100,,1652,2,,,0,100,,1653,2,,,0,100,,1655,2,,,0
1900,'4800',804,,637,2,,,0,100,,638,2,,,0,800,,639,2,,,0,100,,641,2,,,0,100,,640,2,,,0,100,,642,2,,,0,100,,643,2,,,0
1900,'5105',804,,1656,2,,,0,100,,1657,2,,,0,800,,1658,2,,,0,100,,1660,2,,,0,100,,1659,2,,,0,100,,1661,2,,,0,100,,1662,2,,,0
