1200,'4795',757,,313,29,0,20,0
1200,'5102',757,,1424,29,0,20,0
1900,'4327',920,,1654,14,,,0,100,,1646,14,,,0,100,,1647,14,,,0,100,,1648,14,,,0,100,,1649,14,,,0,100,,1650,14,,,0,100,,1651,14,,,0,100,,1652,14,,,0,100,,1653,14,,,0,100,,1655,14,,,0
1900,'4800',820,,637,14,,,0,100,,638,14,,,0,800,,639,14,,,0,100,,641,14,,,0,100,,640,14,,,0,100,,642,14,,,0,100,,643,14,,,0
1900,'5105',820,,1656,14,,,0,100,,1657,14,,,0,800,,1658,14,,,0,100,,1660,14,,,0,100,,1659,14,,,0,100,,1661,14,,,0,100,,1662,14,,,0
8900,'4327',755,,1956,2,,,0,100,,1954,2,,,0,100,,1945,2,,,0,100,,1947,2,,,0,100,,1946,2,,,0,70,,1966,2,,,0,30,,1948,2,,,0,70,,1964,2,,,0,30,,1949,2,,,0,70,,1962,2,,,0,30,,1950,2,,,0,70,,1963,2,,,0,30,,1951,2,,,0,70,,1967,2,,,0,30,,1953,2,,,0,100,,1955,2,,,0,100,,1952,2,,,0,100,,1959,2,,,0,100,,1961,2,,,0,100,,1958,2,,,0,100,,1960,2,0,5 6,0
8900,'4795',705,,963,2,,,0,20,,980,2,,,0,22,,965,2,,,0,59,,970,2,,,0,19,,979,2,,,0,22,,966,2,,,0,59,,967,2,,,0,19,,953,2,,,0,30,,964,2,,,0,70,,973,2,,,0,30,,952,2,,,0,70,,956,2,,,0,30,,961,2,,,0,70,,977,2,,,0,30,,951,2,,,0,70,,955,2,,,0,30,,962,2,,,0,70,,976,2,,,0,18,,985,2,,,0,59,,954,2,,,0,23,,957,2,,,0,18,,986,2,,,0,59,,968,2,,,0,23,,975,2,,,0,30,,974,2,,,0,70,,960,2,,,0,30,,972,2,,,0,70,,969,2,,,0,30,,982,2,,,0,70,,959,2,,,0,100,,978,2,,,0,100,,958,2,,,0,100,,971,2,0,5 6,0
8900,'4800',725,,1014,2,,,0,30,,987,2,,,0,70,,1013,2,,,0,30,,988,2,,,0,70,,1012,2,,,0,30,,989,2,,,0,70,,1009,2,,,0,30,,990,2,,,0,70,,1008,2,,,0,30,,992,2,,,0,70,,1004,2,,,0,30,,994,2,,,0,70,,1006,2,,,0,30,,991,2,,,0,70,,1007,2,,,0,30,,997,2,,,0,70,,1010,2,,,0,30,,998,2,,,0,70,,1011,2,,,0,30,,993,2,,,0,70,,1015,2,,,0,30,,996,2,,,0,70,,1016,2,,,0,30,,995,2,,,0,100,,999,2,,,0,100,,1000,2,,,0,100,,1001,2,,,0,100,,1002,2,0,5 6,0
8900,'5102',705,,1980,2,,,0,20,,1997,2,,,0,22,,1982,2,,,0,59,,1987,2,,,0,19,,1996,2,,,0,22,,1983,2,,,0,59,,1984,2,,,0,19,,1971,2,,,0,30,,1981,2,,,0,70,,1991,2,,,0,30,,1969,2,,,0,70,,1970,2,,,0,30,,1978,2,,,0,70,,1994,2,,,0,30,,1968,2,,,0,70,,1973,2,,,0,30,,1979,2,,,0,70,,1993,2,,,0,18,,2002,2,,,0,59,,1972,2,,,0,23,,1974,2,,,0,18,,2003,2,,,0,59,,1986,2,,,0,23,,1992,2,,,0,30,,1988,2,,,0,70,,1977,2,,,0,30,,1990,2,,,0,70,,1985,2,,,0,30,,1999,2,,,0,70,,1976,2,,,0,100,,1995,2,,,0,100,,1975,2,,,0,100,,1989,2,0,5 6,0
8900,'5105',725,,2031,2,,,0,30,,2004,2,,,0,70,,2030,2,,,0,30,,2005,2,,,0,70,,2029,2,,,0,30,,2006,2,,,0,70,,2026,2,,,0,30,,2007,2,,,0,70,,2025,2,,,0,30,,2009,2,,,0,70,,2021,2,,,0,30,,2011,2,,,0,70,,2023,2,,,0,30,,2008,2,,,0,70,,2024,2,,,0,30,,2014,2,,,0,70,,2027,2,,,0,30,,2015,2,,,0,70,,2028,2,,,0,30,,2010,2,,,0,70,,2032,2,,,0,30,,2013,2,,,0,70,,2033,2,,,0,30,,2012,2,,,0,100,,2016,2,,,0,100,,2017,2,,,0,100,,2018,2,,,0,100,,2019,2,0,5 6,0
