1501,'4799',2243,,525,10,0,16 17,0,100,,524,10,0,16 17,0,100,,523,10,0,16 17,0,100,,522,10,0,16 17,0,100,,521,10,0,16 17,0
1501,'4800',2343,,549,10,0,16 17,0,100,,550,10,0,16 17,0,100,,551,10,0,16 17,0,100,,552,10,0,16 17,0
4600,'4327',914,,1672,5,,,0,100,,1673,5,,,0,100,,1664,5,,,0,100,,1666,5,,,0,100,,1668,5,,,0,100,,1663,5,,,0,100,,1670,5,,,0,100,,1671,5,,,0,100,,1667,5,,,0,100,,1669,5,,,0,100,,1665,5,,,0
4600,'4795',741,,662,5,,,0,101,,663,5,,,0,99,,664,5,,,0,100,,666,5,,,0,100,,665,5,,,0,100,,667,5,,,0,100,,668,5,,,0,100,,655,5,,,0,100,,656,5,,,0,100,,657,5,,,0,100,,658,5,,,0,100,,659,5,,,0,100,,661,5,,,0,100,,660,5,,,0
4600,'4800',814,,669,5,,,0,100,,678,5,,,0,100,,682,5,,,0,100,,674,5,,,0,100,,671,5,,,0,100,,675,5,,,0,100,,677,5,,,0,100,,679,5,,,0,100,,672,5,,,0,100,,680,5,,,0,100,,676,5,,,0,100,,670,5,,,0,100,,681,5,,,0,100,,673,5,0,19,0
4600,'5102',741,,1681,5,,,0,101,,1682,5,,,0,99,,1683,5,,,0,100,,1685,5,,,0,100,,1684,5,,,0,100,,1686,5,,,0,100,,1687,5,,,0,100,,1674,5,,,0,100,,1675,5,,,0,100,,1676,5,,,0,100,,1677,5,,,0,100,,1678,5,,,0,100,,1680,5,,,0,100,,1679,5,,,0
4600,'5105',814,,1688,5,,,0,100,,1697,5,,,0,100,,1701,5,,,0,100,,1693,5,,,0,100,,1690,5,,,0,100,,1694,5,,,0,100,,1696,5,,,0,100,,1698,5,,,0,100,,1691,5,,,0,100,,1699,5,,,0,100,,1695,5,,,0,100,,1689,5,,,0,100,,1700,5,,,0,100,,1692,5,0,19,0
8900,'4327',812,,1956,20,,,0,100,,1954,20,,,0,100,,1945,20,,,0,100,,1947,20,,,0,100,,1946,20,,,0,30,,1966,20,,,0,70,,1948,20,,,0,30,,1964,20,,,0,70,,1949,20,,,0,30,,1962,20,,,0,70,,1950,20,,,0,30,,1963,20,,,0,70,,1951,20,,,0,30,,1967,20,,,0,70,,1953,20,,,0,100,,1955,20,,,0,100,,1952,20,,,0,100,,1959,20,,,0,100,,1961,20,,,0,100,,1958,20,,,0
8900,'4795',722,,963,20,,,0,20,,980,20,,,0,62,,965,20,,,0,19,,970,20,,,0,19,,979,20,,,0,62,,966,20,,,0,19,,967,20,,,0,19,,953,20,,,0,70,,964,20,,,0,30,,973,20,,,0,70,,952,20,,,0,30,,956,20,,,0,70,,961,20,,,0,30,,977,20,,,0,70,,951,20,,,0,30,,955,20,,,0,70,,962,20,,,0,30,,976,20,,,0,58,,985,20,,,0,19,,954,20,,,0,23,,957,20,,,0,58,,986,20,,,0,19,,968,20,,,0,23,,975,20,,,0,70,,974,20,,,0,30,,960,20,,,0,70,,972,20,,,0,30,,969,20,,,0,70,,982,20,,,0,30,,959,20,,,0,100,,978,20,,,0,100,,958,20,,,0
8900,'4800',742,,1014,20,,,0,70,,987,20,,,0,30,,1013,20,,,0,70,,988,20,,,0,30,,1012,20,,,0,70,,989,20,,,0,30,,1009,20,,,0,70,,990,20,,,0,30,,1008,20,,,0,70,,992,20,,,0,30,,1004,20,,,0,70,,994,20,,,0,30,,1006,20,,,0,70,,991,20,,,0,30,,1007,20,,,0,70,,997,20,,,0,30,,1010,20,,,0,70,,998,20,,,0,30,,1011,20,,,0,70,,993,20,,,0,30,,1015,20,,,0,70,,996,20,,,0,30,,1016,20,,,0,70,,995,20,,,0,100,,999,20,,,0,100,,1000,20,,,0,100,,1001,20,,,0
8900,'5102',722,,1980,20,,,0,20,,1997,20,,,0,62,,1982,20,,,0,19,,1987,20,,,0,19,,1996,20,,,0,62,,1983,20,,,0,19,,1984,20,,,0,19,,1971,20,,,0,70,,1981,20,,,0,30,,1991,20,,,0,70,,1969,20,,,0,30,,1970,20,,,0,70,,1978,20,,,0,30,,1994,20,,,0,70,,1968,20,,,0,30,,1973,20,,,0,70,,1979,20,,,0,30,,1993,20,,,0,58,,2002,20,,,0,19,,1972,20,,,0,23,,1974,20,,,0,58,,2003,20,,,0,19,,1986,20,,,0,23,,1992,20,,,0,70,,1988,20,,,0,30,,1977,20,,,0,70,,1990,20,,,0,30,,1985,20,,,0,70,,1999,20,,,0,30,,1976,20,,,0,100,,1995,20,,,0,100,,1975,20,,,0
8900,'5105',742,,2031,20,,,0,70,,2004,20,,,0,30,,2030,20,,,0,70,,2005,20,,,0,30,,2029,20,,,0,70,,2006,20,,,0,30,,2026,20,,,0,70,,2007,20,,,0,30,,2025,20,,,0,70,,2009,20,,,0,30,,2021,20,,,0,70,,2011,20,,,0,30,,2023,20,,,0,70,,2008,20,,,0,30,,2024,20,,,0,70,,2014,20,,,0,30,,2027,20,,,0,70,,2015,20,,,0,30,,2028,20,,,0,70,,2010,20,,,0,30,,2032,20,,,0,70,,2013,20,,,0,30,,2033,20,,,0,70,,2012,20,,,0,100,,2016,20,,,0,100,,2017,20,,,0,100,,2018,20,,,0
