501,'4327',726,,1219,2,,,0,98,,1218,17,,,0,100,,1213,17,,,0,100,,1212,17,,,0,100,,1215,17,,,0,100,,1217,17,,,0,100,,1216,17,,,0,100,,1214,17,,,0,100,,1226,17,,,0,100,,1225,17,,,0,100,,1224,17,,,0,100,,1223,17,,,0,100,,1222,17,,,0,100,,1220,17,,,0,100,,1221,17,,,0
501,'4795',659,,116,2,,,0,64,,127,17,,,0,28,,118,17,,,0,73,,128,17,,,0,28,,119,17,,,0,72,,129,17,,,0,100,,126,17,,,0,100,,131,17,,,0,100,,133,17,,,0,100,,130,17,,,0,100,,134,17,,,0,99,,132,17,,,0,30,,136,17,,,0,70,,135,17,,,0,30,,117,17,,,0,71,,122,17,,,0,28,,137,17,,,0,71,,124,17,,,0,100,,123,17,,,0,100,,121,17,,,0,100,,120,17,,,0,100,,125,17,,,0
501,'4800',726,,149,2,,,0,98,,148,17,,,0,100,,139,17,,,0,100,,150,17,,,0,100,,145,17,,,0,100,,151,17,,,0,100,,138,17,,,0,100,,147,17,,,0,100,,141,17,,,0,100,,152,17,,,0,100,,146,17,,,0,100,,142,17,,,0,100,,140,17,,,0,100,,143,17,,,0,100,,144,17,,,0
501,'5102',659,,1227,2,,,0,64,,1238,17,,,0,28,,1229,17,,,0,73,,1239,17,,,0,28,,1230,17,,,0,72,,1240,17,,,0,100,,1237,17,,,0,100,,1242,17,,,0,100,,1244,17,,,0,100,,1241,17,,,0,100,,1245,17,,,0,99,,1243,17,,,0,30,,1247,17,,,0,70,,1246,17,,,0,30,,1228,17,,,0,71,,1233,17,,,0,28,,1248,17,,,0,71,,1235,17,,,0,100,,1234,17,,,0,100,,1232,17,,,0,100,,1231,17,,,0,100,,1236,17,,,0
501,'5105',726,,1260,2,,,0,98,,1259,17,,,0,100,,1250,17,,,0,100,,1261,17,,,0,100,,1256,17,,,0,100,,1262,17,,,0,100,,1249,17,,,0,100,,1258,17,,,0,100,,1252,17,,,0,100,,1263,17,,,0,100,,1257,17,,,0,100,,1253,17,,,0,100,,1251,17,,,0,100,,1254,17,,,0,100,,1255,17,,,0
5500,'4327',911,,1772,15,0,18,0,100,,1778,15,0,18,0,100,,1769,15,0,18,0,100,,1771,15,0,18,0,100,,1773,15,0,18,0,100,,1768,15,0,18,0,100,,1774,15,0,18,0,100,,1770,15,0,18,0,100,,1777,15,0,18,0,100,,1776,15,0,18,0,100,,1775,15,0,18,0
5500,'4795',741,,785,15,0,18,0,80,,781,15,0,18,0,20,,787,15,0,18,0,80,,782,15,0,18,0,20,,793,15,0,18,0,100,,771,15,0,18,0,100,,763,15,0,18,0,100,,795,15,0,18,0,100,,794,15,0,18,0,99,,778,15,0,18,0,101,,783,15,0,18,0,72,,799,15,0,18,0,31,,766,15,0,18,0,72,,780,15,0,18,0,29,,768,15,0,18,0,72,,797,15,0,18,0,28,,769,15,0,18,0,71,,798,15,0,18,0,26,,773,15,0,18,0,100,,777,15,0,18,0
5500,'4800',803,,801,15,0,18,0,108,,802,15,0,18,0,100,,807,15,0,18,0,100,,804,15,0,18,0,100,,806,15,0,18,0,100,,805,15,0,18,0,100,,803,15,0,18,0,100,,814,15,0,18,0,100,,810,15,0,18,0,100,,815,15,0,18,0,100,,811,15,0,18,0,100,,809,15,0,18,0,100,,813,15,0,18,0,100,,808,15,0,18,0,100,,812,15,0,18,0
5500,'5102',741,,1804,15,0,18,0,80,,1801,15,0,18,0,20,,1806,15,0,18,0,80,,1800,15,0,18,0,20,,1812,15,0,18,0,100,,1790,15,0,18,0,100,,1782,15,0,18,0,100,,1814,15,0,18,0,100,,1813,15,0,18,0,99,,1797,15,0,18,0,101,,1802,15,0,18,0,103,,1785,15,0,18,0,72,,1799,15,0,18,0,29,,1787,15,0,18,0,72,,1816,15,0,18,0,28,,1788,15,0,18,0,71,,1817,15,0,18,0,26,,1792,15,0,18,0,100,,1796,15,0,18,0
5500,'5105',803,,1818,15,0,18,0,108,,1819,15,0,18,0,100,,1824,15,0,18,0,100,,1821,15,0,18,0,100,,1823,15,0,18,0,100,,1822,15,0,18,0,100,,1820,15,0,18,0,100,,1831,15,0,18,0,100,,1827,15,0,18,0,100,,1832,15,0,18,0,100,,1828,15,0,18,0,100,,1826,15,0,18,0,100,,1830,15,0,18,0,100,,1825,15,0,18,0,100,,1829,15,0,18,0
