501,'4327',734,,1219,9,,,0,98,,1218,24,,,0,100,,1213,24,,,0,100,,1212,24,,,0,100,,1215,24,,,0,100,,1217,24,,,0,100,,1216,24,,,0,100,,1214,24,,,0,100,,1226,24,,,0,100,,1225,24,,,0,100,,1224,24,,,0,100,,1223,24,,,0,100,,1222,24,,,0,100,,1220,24,,,0,100,,1221,24,,,0
501,'4795',707,,116,9,,,0,24,,127,24,,,0,28,,118,24,,,0,73,,128,24,,,0,68,,119,24,,,0,32,,129,24,,,0,100,,126,24,,,0,100,,131,24,,,0,100,,133,24,,,0,100,,130,24,,,0,100,,134,24,,,0,100,,132,24,,,0,70,,136,24,,,0,30,,135,24,,,0,70,,117,24,,,0,30,,122,24,,,0,68,,137,24,,,0,31,,124,24,,,0,100,,123,24,,,0,100,,121,24,,,0,100,,120,24,,,0,99,,125,24,,,0
501,'4800',734,,149,9,,,0,98,,148,24,,,0,100,,139,24,,,0,100,,150,24,,,0,100,,145,24,,,0,100,,151,24,,,0,100,,138,24,,,0,100,,147,24,,,0,100,,141,24,,,0,100,,152,24,,,0,100,,146,24,,,0,100,,142,24,,,0,100,,140,24,,,0,100,,143,24,,,0,100,,144,24,,,0
501,'5102',707,,1227,9,,,0,24,,1238,24,,,0,28,,1229,24,,,0,73,,1239,24,,,0,68,,1230,24,,,0,32,,1240,24,,,0,100,,1237,24,,,0,100,,1242,24,,,0,100,,1244,24,,,0,100,,1241,24,,,0,100,,1245,24,,,0,100,,1243,24,,,0,70,,1247,24,,,0,30,,1246,24,,,0,70,,1228,24,,,0,30,,1233,24,,,0,68,,1248,24,,,0,31,,1235,24,,,0,100,,1234,24,,,0,100,,1232,24,,,0,100,,1231,24,,,0,99,,1236,24,,,0
501,'5105',734,,1260,9,,,0,98,,1259,24,,,0,100,,1250,24,,,0,100,,1261,24,,,0,100,,1256,24,,,0,100,,1262,24,,,0,100,,1249,24,,,0,100,,1258,24,,,0,100,,1252,24,,,0,100,,1263,24,,,0,100,,1257,24,,,0,100,,1253,24,,,0,100,,1251,24,,,0,100,,1254,24,,,0,100,,1255,24,,,0
4601,'4327',907,,1708,31,,,0,100,,1707,31,,,0,100,,1709,31,,,0,100,,1706,31,,,0,100,,1705,31,,,0,100,,1704,31,,,0,100,,1702,31,,,0,100,,1712,31,,,0,100,,1711,31,,,0,100,,1703,31,,,0,100,,1710,31,,,0
4601,'4795',730,,700,31,,,0,100,,701,31,,,0,100,,702,31,,,0,100,,703,31,,,0,100,,704,31,,,0,100,,705,31,,,0,100,,706,31,,,0,100,,707,31,,,0,100,,699,31,,,0,101,,694,31,,,0,100,,695,31,,,0,98,,696,31,,,0,100,,697,31,,,0,100,,698,31,,,0
4601,'4800',807,,720,31,,,0,100,,710,31,,,0,100,,721,31,,,0,100,,708,31,,,0,100,,719,31,,,0,100,,714,31,,,0,100,,715,31,,,0,100,,716,31,,,0,100,,709,31,,,0,100,,717,31,,,0,100,,711,31,,,0,100,,718,31,,,0,100,,713,31,,,0,100,,712,31,,,0
4601,'5102',730,,1719,31,,,0,100,,1720,31,,,0,100,,1721,31,,,0,100,,1723,31,,,0,100,,1724,31,,,0,100,,1722,31,,,0,100,,1725,31,,,0,100,,1726,31,,,0,100,,1718,31,,,0,101,,1713,31,,,0,100,,1715,31,,,0,98,,1714,31,,,0,100,,1716,31,,,0,100,,1717,31,,,0
4601,'5105',807,,1739,31,,,0,100,,1729,31,,,0,100,,1740,31,,,0,100,,1727,31,,,0,100,,1738,31,,,0,100,,1733,31,,,0,100,,1734,31,,,0,100,,1735,31,,,0,100,,1728,31,,,0,100,,1736,31,,,0,100,,1730,31,,,0,100,,1737,31,,,0,100,,1732,31,,,0,100,,1731,31,,,0
5500,'4795',728,,786,21,0,5 6,0,79,,760,34,0,5 6,0,20,,792,34,0,5 6,0,80,,762,34,0,5 6,0,20,,767,34,0,5 6,0,100,,788,34,0,5 6,0,101,,789,34,0,5 6,0,100,,791,34,0,5 6,0,100,,790,34,0,5 6,0,100,,796,34,0,5 6,0,99,,770,34,0,5 6,0,32,,800,21,0,5 6,0,71,,764,34,0,5 6,0,72,,775,34,0,5 6,0,29,,761,34,0,5 6,0,72,,784,34,0,5 6,0,28,,765,34,0,5 6,0,70,,779,34,0,5 6,0,28,,774,34,0,5 6,0,100,,772,34,0,5 6,0
5500,'5102',728,,1805,21,0,5 6,0,79,,1779,34,0,5 6,0,20,,1811,34,0,5 6,0,80,,1781,34,0,5 6,0,20,,1786,34,0,5 6,0,100,,1807,34,0,5 6,0,101,,1808,34,0,5 6,0,100,,1810,34,0,5 6,0,100,,1809,34,0,5 6,0,100,,1815,34,0,5 6,0,99,,1789,34,0,5 6,0,103,,1783,34,0,5 6,0,72,,1794,34,0,5 6,0,29,,1780,34,0,5 6,0,72,,1803,34,0,5 6,0,28,,1784,34,0,5 6,0,70,,1798,34,0,5 6,0,28,,1793,34,0,5 6,0,100,,1791,34,0,5 6,0
5501,'4327',859,,1839,35,,,0,100,,1841,35,,,0,100,,1840,35,,,0,100,,1842,35,,,0,100,,1835,35,,,0,100,,1843,35,,,0,100,,1837,35,,,0,100,,1834,35,,,0,100,,1833,35,,,0,100,,1838,35,,,0,100,,1836,35,,,0
5501,'4800',751,,828,21,,,0,108,,830,34,,,0,100,,833,34,,,0,100,,831,34,,,0,100,,829,34,,,0,100,,835,34,,,0,100,,832,34,,,0,100,,834,34,,,0,100,,839,34,,,0,100,,838,34,,,0,100,,836,34,,,0,100,,827,34,,,0,100,,841,34,,,0,100,,840,34,,,0,100,,837,34,,,0
5501,'5105',751,,1845,21,,,0,108,,1847,34,,,0,100,,1850,34,,,0,100,,1848,34,,,0,100,,1846,34,,,0,100,,1852,34,,,0,100,,1849,34,,,0,100,,1851,34,,,0,100,,1856,34,,,0,100,,1855,34,,,0,100,,1853,34,,,0,100,,1844,34,,,0,100,,1858,34,,,0,100,,1857,34,,,0,100,,1854,34,,,0
