8900,'4794',832,10,939,23,,,0,100,10,937,23,,,0,100,10,928,23,,,0,100,10,930,23,,,0,100,10,929,23,,,0,70,50,949,23,,,0,30,10,931,23,,,0,70,50,947,23,,,0,30,10,932,23,,,0,70,50,945,23,,,0,30,10,933,23,,,0,70,50,946,23,,,0,30,10,934,23,,,0,70,50,950,23,,,0,30,10,936,23,,,0,100,10,938,23,,,0,100,10,935,23,,,0,100,10,942,23,,,0,100,10,944,23,,,0,100,10,941,23,,,0
8900,'4795',702,,983,1,,,0,40,10,963,23,,,0,60,50,980,23,,,0,22,10,965,23,,,0,19,10,970,23,,,0,59,50,979,23,,,0,22,10,966,23,,,0,19,10,967,23,,,0,59,50,953,23,,,0,30,10,964,23,,,0,70,50,973,23,,,0,30,10,952,23,,,0,70,50,956,23,,,0,30,10,961,23,,,0,70,50,977,23,,,0,30,10,951,23,,,0,70,50,955,23,,,0,30,10,962,23,,,0,70,50,976,23,,,0,18,10,985,23,,,0,19,10,954,23,,,0,63,50,957,23,,,0,18,10,986,23,,,0,19,10,968,23,,,0,63,50,975,23,,,0,30,10,974,23,,,0,70,50,960,23,,,0,30,10,972,23,,,0,70,50,969,23,,,0,30,10,982,23,,,0,70,50,959,23,,,0,100,50,978,23,,,0,100,50,958,23,,,0
8900,'4800',802,50,1014,23,,,0,30,10,987,23,,,0,70,50,1013,23,,,0,30,10,988,23,,,0,70,50,1012,23,,,0,30,10,989,23,,,0,70,50,1009,23,,,0,30,10,990,23,,,0,70,50,1008,23,,,0,30,10,992,23,,,0,70,50,1004,23,,,0,30,10,994,23,,,0,70,50,1006,23,,,0,30,10,991,23,,,0,70,50,1007,23,,,0,30,10,997,23,,,0,70,50,1010,23,,,0,30,10,998,23,,,0,70,50,1011,23,,,0,30,10,993,23,,,0,70,50,1015,23,,,0,30,10,996,23,,,0,70,50,1016,23,,,0,30,10,995,23,,,0,100,10,999,23,,,0,100,10,1000,23,,,0,100,10,1001,23,,,0
9100,'4794',804,,1027,1,,,0,100,,1019,1,,,0,100,,1017,1,,,0,100,,1018,1,,,0,100,,1020,1,,,0,100,,1022,1,,,0,100,,1024,1,,,0,100,,1021,1,,,0,100,,1023,1,,,0,100,,1025,1,,,0,100,,1026,1,,,0
9100,'4795',704,,1028,1,,,0,100,,1030,1,,,0,100,,1031,1,,,0,100,,1034,1,,,0,100,,1029,1,,,0,100,,1036,1,,,0,100,,1033,1,,,0,100,,1035,1,,,0,100,,1037,1,,,0,100,,1032,1,,,0,100,,1038,1,,,0,100,,1039,1,,,0,100,,1040,1,,,0,100,,1041,1,,,0
9100,'4800',804,,1046,1,,,0,100,,1045,1,,,0,100,,1052,1,,,0,100,,1053,1,,,0,100,,1042,1,,,0,100,,1043,1,,,0,100,,1047,1,,,0,100,,1044,1,,,0,100,,1049,1,,,0,100,,1050,1,,,0,100,,1051,1,,,0,100,,1048,1,,,0,100,,1054,1,,,0
9101,'4794',900,,1064,37,4,,0,100,,1056,37,4,,0,100,,1059,37,4,,0,100,,1057,37,4,,0,100,,1058,37,4,,0,100,,1060,37,4,,0,100,,1055,37,4,,0,100,,1061,37,4,,0,100,,1062,37,4,,0,100,,1063,37,4,,0,100,,1065,37,4,,0
9101,'4795',658,,1066,37,4,,0,100,,1068,37,4,,0,100,,1069,37,4,,0,100,,1070,37,4,,0,100,,1067,37,4,,0,100,,1071,37,4,,0,100,,1072,37,4,,0,100,,1075,37,4,,0,100,,1074,37,4,,0,100,,1076,37,4,,0,101,,1073,37,4,,0,100,,1079,37,4,,0,99,,1077,37,4,,0,100,,1078,37,4,,0,100,,1080,37,4,,0
9101,'4800',900,,1081,37,4,,0,100,,1082,37,4,,0,100,,1084,37,4,,0,100,,1086,37,4,,0,100,,1083,37,4,,0,100,,1087,37,4,,0,100,,1085,37,4,,0,100,,1089,37,4,,0,100,,1090,37,4,,0,100,,1091,37,4,,0,100,,1088,37,4,,0,100,,1092,37,4,,0,100,,1093,37,4,,0
9600,'4795',740,,1097,1,0,8 9 10 11,0,3,,1096,1,0,8 9 10 11,0,97,,1095,17,4,,0,3,,1094,17,4,,0
9601,'4795',1445,,1101,1,,,0,98,,1099,30,4,,0,5,,1098,30,4,,0
9701,'4795',750,,1102,1,0,8 9 10 11,0,88,,1102,47,4,,0,617,,1103,1,0,7,0,90,,1103,37,4,,0
