4600,'4327',911,,1672,2,,,0,100,,1673,2,,,0,100,,1664,2,,,0,100,,1666,2,,,0,100,,1668,2,,,0,100,,1663,2,,,0,100,,1670,2,,,0,100,,1671,2,,,0,100,,1667,2,,,0,100,,1669,2,,,0,100,,1665,2,,,0
4600,'4795',738,,662,2,,,0,100,,663,2,,,0,100,,664,2,,,0,100,,666,2,,,0,100,,665,2,,,0,100,,667,2,,,0,100,,668,2,,,0,100,,655,2,,,0,100,,656,2,,,0,100,,657,2,,,0,100,,658,2,,,0,100,,659,2,,,0,100,,661,2,,,0,100,,660,2,,,0
4600,'4800',811,,669,2,,,0,100,,678,2,,,0,100,,682,2,,,0,100,,674,2,,,0,100,,671,2,,,0,100,,675,2,,,0,100,,677,2,,,0,100,,679,2,,,0,100,,672,2,,,0,100,,680,2,,,0,100,,676,2,,,0,100,,670,2,,,0,100,,681,2,,,0,100,,673,2,0,19,0
4600,'5102',738,,1681,2,,,0,100,,1682,2,,,0,100,,1683,2,,,0,100,,1685,2,,,0,100,,1684,2,,,0,100,,1686,2,,,0,100,,1687,2,,,0,100,,1674,2,,,0,100,,1675,2,,,0,100,,1676,2,,,0,100,,1677,2,,,0,100,,1678,2,,,0,100,,1680,2,,,0,100,,1679,2,,,0
4600,'5105',811,,1688,2,,,0,100,,1697,2,,,0,100,,1701,2,,,0,100,,1693,2,,,0,100,,1690,2,,,0,100,,1694,2,,,0,100,,1696,2,,,0,100,,1698,2,,,0,100,,1691,2,,,0,100,,1699,2,,,0,100,,1695,2,,,0,100,,1689,2,,,0,100,,1700,2,,,0,100,,1692,2,0,19,0
8900,'4327',809,,1956,17,,,0,100,,1954,17,,,0,100,,1945,17,,,0,100,,1947,17,,,0,100,,1946,17,,,0,30,,1966,17,,,0,70,,1948,17,,,0,30,,1964,17,,,0,70,,1949,17,,,0,30,,1962,17,,,0,70,,1950,17,,,0,30,,1963,17,,,0,70,,1951,17,,,0,30,,1967,17,,,0,70,,1953,17,,,0,100,,1955,17,,,0,100,,1952,17,,,0,100,,1959,17,,,0,100,,1961,17,,,0,100,,1958,17,,,0
8900,'4795',719,,963,17,,,0,20,,980,17,,,0,62,,965,17,,,0,19,,970,17,,,0,19,,979,17,,,0,62,,966,17,,,0,19,,967,17,,,0,19,,953,17,,,0,70,,964,17,,,0,30,,973,17,,,0,70,,952,17,,,0,30,,956,17,,,0,70,,961,17,,,0,30,,977,17,,,0,70,,951,17,,,0,30,,955,17,,,0,70,,962,17,,,0,30,,976,17,,,0,18,,985,17,,,0,59,,954,17,,,0,23,,957,17,,,0,18,,986,17,,,0,59,,968,17,,,0,23,,975,17,,,0,70,,974,17,,,0,30,,960,17,,,0,70,,972,17,,,0,30,,969,17,,,0,70,,982,17,,,0,30,,959,17,,,0,100,,978,17,,,0,100,,958,17,,,0
8900,'4800',739,,1014,17,,,0,70,,987,17,,,0,30,,1013,17,,,0,70,,988,17,,,0,30,,1012,17,,,0,70,,989,17,,,0,30,,1009,17,,,0,70,,990,17,,,0,30,,1008,17,,,0,70,,992,17,,,0,30,,1004,17,,,0,70,,994,17,,,0,30,,1006,17,,,0,70,,991,17,,,0,30,,1007,17,,,0,70,,997,17,,,0,30,,1010,17,,,0,70,,998,17,,,0,30,,1011,17,,,0,70,,993,17,,,0,30,,1015,17,,,0,70,,996,17,,,0,30,,1016,17,,,0,70,,995,17,,,0,100,,999,17,,,0,100,,1000,17,,,0,100,,1001,17,,,0
8900,'5102',719,,1980,17,,,0,20,,1997,17,,,0,62,,1982,17,,,0,19,,1987,17,,,0,19,,1996,17,,,0,62,,1983,17,,,0,19,,1984,17,,,0,19,,1971,17,,,0,70,,1981,17,,,0,30,,1991,17,,,0,70,,1969,17,,,0,30,,1970,17,,,0,70,,1978,17,,,0,30,,1994,17,,,0,70,,1968,17,,,0,30,,1973,17,,,0,70,,1979,17,,,0,30,,1993,17,,,0,18,,2002,17,,,0,59,,1972,17,,,0,23,,1974,17,,,0,18,,2003,17,,,0,59,,1986,17,,,0,23,,1992,17,,,0,70,,1988,17,,,0,30,,1977,17,,,0,70,,1990,17,,,0,30,,1985,17,,,0,70,,1999,17,,,0,30,,1976,17,,,0,100,,1995,17,,,0,100,,1975,17,,,0
8900,'5105',739,,2031,17,,,0,70,,2004,17,,,0,30,,2030,17,,,0,70,,2005,17,,,0,30,,2029,17,,,0,70,,2006,17,,,0,30,,2026,17,,,0,70,,2007,17,,,0,30,,2025,17,,,0,70,,2009,17,,,0,30,,2021,17,,,0,70,,2011,17,,,0,30,,2023,17,,,0,70,,2008,17,,,0,30,,2024,17,,,0,70,,2014,17,,,0,30,,2027,17,,,0,70,,2015,17,,,0,30,,2028,17,,,0,70,,2010,17,,,0,30,,2032,17,,,0,70,,2013,17,,,0,30,,2033,17,,,0,70,,2012,17,,,0,100,,2016,17,,,0,100,,2017,17,,,0,100,,2018,17,,,0
