8801,'4528',620,,2902,1,,,0,30,,2895,1,,,0,70,,2904,1,,,0,22,,2890,1,,,0,60,,2896,1,,,0,18,,2901,1,,,0,23,,2894,1,,,0,59,,2897,1,,,0,18,,2903,1,,,0,30,,2875,1,,,0,70,,2883,1,,,0,30,,2889,1,,,0,70,,2905,1,,,0,30,,2876,1,,,0,70,,2884,1,,,0,30,,2892,1,,,0,70,,2888,1,,,0,30,,2873,1,,,0,70,,2882,1,,,0,18,,2906,1,,,0,20,,2891,1,,,0,62,,2898,1,,,0,18,,2886,1,,,0,20,,2880,1,,,0,62,,2874,1,,,0,18,,2907,1,,,0,20,,2900,1,,,0,62,,2899,1,,,0,30,,2881,1,,,0,70,,2879,1,,,0,30,,2887,1,,,0,70,,2893,1,,,0,100,,2877,1,,,0,100,,2885,1,,,0,100,,2878,1,0,5 6,0
8801,'5015',650,,2908,1,,,0,70,,2932,1,,,0,30,,2910,1,,,0,70,,2931,1,,,0,30,,2912,1,,,0,70,,2927,1,,,0,30,,2913,1,,,0,70,,2929,1,,,0,30,,2909,1,,,0,70,,2928,1,,,0,30,,2915,1,,,0,70,,2930,1,,,0,30,,2916,1,,,0,70,,2925,1,,,0,30,,2914,1,,,0,70,,2935,1,,,0,30,,2917,1,,,0,70,,2926,1,,,0,30,,2918,1,,,0,70,,2933,1,,,0,30,,2911,1,,,0,70,,2934,1,,,0,30,,2920,1,,,0,100,,2921,1,,,0,100,,2922,1,,,0,100,,2919,1,,,0,100,,2923,1,,,0,100,,2924,1,0,5 6,0
8801,'5221',650,,2948,1,,,0,100,,2947,1,,,0,100,,2943,1,,,0,100,,2937,1,,,0,100,,2938,1,,,0,70,,2957,1,,,0,30,,2939,1,,,0,70,,2956,1,,,0,30,,2940,1,,,0,70,,2953,1,,,0,30,,2941,1,,,0,70,,2954,1,,,0,30,,2936,1,,,0,70,,2955,1,,,0,30,,2942,1,,,0,70,,2958,1,,,0,30,,2944,1,,,0,100,,2945,1,,,0,100,,2946,1,,,0,100,,2949,1,,,0,100,,2950,1,,,0,100,,2951,1,,,0,100,,2952,1,0,5 6,0
8900,'4528',620,,2992,12,4,,0,30,,2989,12,4,,0,70,,2991,21,4,,0,80,,2971,43,4,,0,20,,2988,43,4,,0,22,,2973,43,4,,0,59,,2978,43,4,,0,19,,2987,43,4,,0,22,,2974,43,4,,0,59,,2975,43,4,,0,19,,2962,43,4,,0,30,,2972,43,4,,0,70,,2982,43,4,,0,30,,2960,43,4,,0,70,,2961,43,4,,0,30,,2969,43,4,,0,70,,2985,43,4,,0,30,,2959,43,4,,0,70,,2964,43,4,,0,30,,2970,43,4,,0,70,,2984,43,4,,0,18,,2993,43,4,,0,19,,2963,43,4,,0,63,,2965,43,4,,0,18,,2994,43,4,,0,19,,2977,43,4,,0,63,,2983,43,4,,0,30,,2979,43,4,,0,70,,2968,43,4,,0,30,,2981,43,4,,0,70,,2976,43,4,,0,30,,2990,43,4,,0,70,,2967,43,4,,0,100,,2986,43,4,,0,100,,2966,43,4,,0
8900,'5015',650,,3011,12,4,,0,100,,3013,12,4,,0,70,,3022,43,4,,0,30,,2995,43,4,,0,70,,3021,43,4,,0,30,,2996,43,4,,0,70,,3020,43,4,,0,30,,2997,43,4,,0,70,,3017,43,4,,0,30,,2998,43,4,,0,70,,3016,43,4,,0,30,,3000,43,4,,0,70,,3012,43,4,,0,30,,3002,43,4,,0,70,,3014,43,4,,0,30,,2999,43,4,,0,70,,3015,43,4,,0,30,,3005,43,4,,0,70,,3018,43,4,,0,30,,3006,43,4,,0,70,,3019,43,4,,0,30,,3001,43,4,,0,70,,3023,43,4,,0,30,,3004,43,4,,0,70,,3024,43,4,,0,30,,3003,43,4,,0,100,,3007,43,4,,0,100,,3008,43,4,,0,100,,3009,43,4,,0
8900,'5221',650,,3037,12,4,,0,100,,3046,12,4,,0,100,,3036,43,4,,0,100,,3034,43,4,,0,100,,3025,43,4,,0,100,,3026,43,4,,0,100,,3027,43,4,,0,70,,3047,43,4,,0,30,,3028,43,4,,0,70,,3045,43,4,,0,30,,3029,43,4,,0,70,,3042,43,4,,0,30,,3030,43,4,,0,70,,3043,43,4,,0,30,,3031,43,4,,0,70,,3044,43,4,,0,30,,3033,43,4,,0,100,,3035,43,4,,0,100,,3032,43,4,,0,100,,3039,43,4,,0,100,,3041,43,4,,0,100,,3038,43,4,,0
9100,'4528',728,,3048,29,4,,0,100,,3050,29,4,,0,100,,3051,29,4,,0,100,,3054,29,4,,0,100,,3049,29,4,,0,100,,3056,29,4,,0,100,,3053,29,4,,0,100,,3055,29,4,,0,100,,3058,29,4,,0,101,,3052,29,4,,0,100,,3059,29,4,,0,99,,3060,29,4,,0,100,,3057,29,4,,0,100,,3061,29,4,,0
9100,'5015',828,,3066,29,4,,0,100,,3065,29,4,,0,100,,3072,29,4,,0,100,,3073,29,4,,0,100,,3062,29,4,,0,100,,3063,29,4,,0,100,,3067,29,4,,0,100,,3064,29,4,,0,100,,3069,29,4,,0,100,,3070,29,4,,0,100,,3071,29,4,,0,100,,3068,29,4,,0,100,,3074,29,4,,0
9100,'5221',828,,3085,29,4,,0,100,,3077,29,4,,0,100,,3075,29,4,,0,100,,3076,29,4,,0,100,,3078,29,4,,0,100,,3080,29,4,,0,100,,3082,29,4,,0,100,,3079,29,4,,0,100,,3081,29,4,,0,100,,3083,29,4,,0,100,,3084,29,4,,0
9101,'4528',628,,3087,1,,,0,100,,3086,1,,,0,100,,3089,1,,,0,100,,3090,1,,,0,100,,3088,1,,,0,100,,3091,1,,,0,100,,3092,1,,,0,100,,3095,1,,,0,100,,3094,1,,,0,100,,3096,1,,,0,101,,3093,1,,,0,100,,3099,1,,,0,99,,3097,1,,,0,100,,3098,1,,,0,100,,3100,1,,,0
9101,'5015',828,,3101,1,,,0,100,,3102,1,,,0,100,,3104,1,,,0,100,,3106,1,,,0,100,,3103,1,,,0,100,,3107,1,,,0,100,,3105,1,,,0,100,,3109,1,,,0,100,,3110,1,,,0,100,,3111,1,,,0,100,,3108,1,,,0,100,,3112,1,,,0,100,,3113,1,,,0
9101,'5221',828,,3122,1,,,0,100,,3114,1,,,0,100,,3118,1,,,0,100,,3116,1,,,0,100,,3117,1,,,0,100,,3119,1,,,0,100,,3115,1,,,0,100,,3120,1,,,0,100,,3121,1,,,0,100,,3123,1,,,0,100,,3124,1,,,0
