1000,'4327',935,,1264,1,,,0,100,,1267,1,,,0,100,,1265,1,,,0,100,,1266,1,,,0,100,,1268,1,,,0,100,,1269,1,,,0,100,,1271,1,,,0,100,,1270,1,,,0,100,,1272,1,,,0,100,,1273,1,,,0
1000,'4795',635,,190,1,,,0,70,,177,1,,,0,30,,178,1,,,0,68,,171,1,,,0,32,,164,1,,,0,70,,180,1,,,0,30,,173,1,,,0,70,,163,1,,,0,30,,182,1,,,0,70,,172,1,,,0,30,,185,1,,,0,70,,170,1,,,0,30,,187,1,,,0,70,,186,1,,,0,30,,165,1,,,0,70,,167,1,,,0,30,,191,1,,,0,70,,174,1,,,0,30,,179,1,,,0,70,,166,1,,,0,30,,176,1,,,0,70,,183,1,,,0,30,,169,1,,,0,70,,175,1,,,0,30,,181,1,,,0,70,,188,1,,,0,30,,168,1,,,0,100,,184,1,,,0,100,,189,1,,,0
1000,'4800',735,,192,1,,,0,70,,193,1,,,0,30,,194,1,,,0,70,,195,1,,,0,30,,199,1,,,0,70,,197,1,,,0,30,,196,1,,,0,70,,198,1,,,0,30,,200,1,,,0,70,,201,1,,,0,30,,202,1,,,0,70,,203,1,,,0,30,,204,1,,,0,70,,205,1,,,0,30,,206,1,,,0,70,,207,1,,,0,30,,208,1,,,0,70,,210,1,,,0,30,,209,1,,,0,70,,211,1,,,0,30,,212,1,,,0,70,,217,1,,,0,30,,213,1,,,0,100,,214,1,,,0,100,,216,1,,,0,100,,215,1,,,0
1000,'5102',635,,1301,1,,,0,70,,1288,1,,,0,30,,1289,1,,,0,68,,1282,1,,,0,32,,1275,1,,,0,70,,1291,1,,,0,30,,1284,1,,,0,70,,1274,1,,,0,30,,1293,1,,,0,70,,1283,1,,,0,30,,1296,1,,,0,70,,1281,1,,,0,30,,1298,1,,,0,70,,1297,1,,,0,30,,1276,1,,,0,70,,1278,1,,,0,30,,1302,1,,,0,70,,1285,1,,,0,30,,1290,1,,,0,70,,1277,1,,,0,30,,1287,1,,,0,70,,1294,1,,,0,30,,1280,1,,,0,70,,1286,1,,,0,30,,1292,1,,,0,70,,1299,1,,,0,30,,1279,1,,,0,100,,1295,1,,,0,100,,1300,1,,,0
1000,'5105',735,,1303,1,,,0,70,,1304,1,,,0,30,,1305,1,,,0,70,,1306,1,,,0,30,,1310,1,,,0,70,,1308,1,,,0,30,,1307,1,,,0,70,,1309,1,,,0,30,,1311,1,,,0,70,,1312,1,,,0,30,,1313,1,,,0,70,,1314,1,,,0,30,,1315,1,,,0,70,,1316,1,,,0,30,,1317,1,,,0,70,,1318,1,,,0,30,,1319,1,,,0,70,,1321,1,,,0,30,,1320,1,,,0,70,,1322,1,,,0,30,,1323,1,,,0,70,,1328,1,,,0,30,,1324,1,,,0,100,,1325,1,,,0,100,,1327,1,,,0,100,,1326,1,,,0
1001,'4327',957,,1329,16,4,,0,100,,1330,16,4,,0,100,,1331,16,4,,0,100,,1332,16,4,,0,100,,1334,16,4,,0,100,,1333,16,4,,0,100,,1335,16,4,,0,100,,1336,16,4,,0,100,,1337,16,4,,0,100,,1338,16,4,,0
1001,'4795',657,,255,16,4,,0,70,,242,16,4,,0,30,,243,16,4,,0,72,,233,16,4,,0,28,,229,16,4,,0,70,,247,16,4,,0,30,,236,16,4,,0,70,,228,16,4,,0,30,,250,16,4,,0,70,,237,16,4,,0,30,,253,16,4,,0,70,,238,16,4,,0,30,,254,16,4,,0,70,,251,16,4,,0,30,,230,16,4,,0,70,,231,16,4,,0,30,,256,16,4,,0,70,,239,16,4,,0,30,,244,16,4,,0,70,,232,16,4,,0,30,,240,16,4,,0,70,,248,16,4,,0,30,,234,16,4,,0,70,,246,16,4,,0,30,,241,16,4,,0,70,,235,16,4,,0,30,,252,16,4,,0,100,,245,16,4,,0,100,,249,16,4,,0
1001,'4800',757,,257,16,4,,0,70,,258,16,4,,0,30,,262,16,4,,0,70,,261,16,4,,0,30,,260,16,4,,0,70,,259,16,4,,0,30,,263,16,4,,0,70,,264,16,4,,0,30,,265,16,4,,0,70,,267,16,4,,0,30,,266,16,4,,0,70,,268,16,4,,0,30,,270,16,4,,0,70,,269,16,4,,0,30,,271,16,4,,0,70,,272,16,4,,0,30,,273,16,4,,0,70,,275,16,4,,0,30,,274,16,4,,0,70,,277,16,4,,0,30,,276,16,4,,0,100,,278,16,4,,0,100,,279,16,4,,0,100,,280,16,4,,0
1001,'5102',657,,1366,16,4,,0,70,,1353,16,4,,0,30,,1354,16,4,,0,72,,1344,16,4,,0,28,,1340,16,4,,0,70,,1358,16,4,,0,30,,1347,16,4,,0,70,,1339,16,4,,0,30,,1361,16,4,,0,70,,1348,16,4,,0,30,,1364,16,4,,0,70,,1349,16,4,,0,30,,1365,16,4,,0,70,,1362,16,4,,0,30,,1341,16,4,,0,70,,1343,16,4,,0,30,,1367,16,4,,0,70,,1350,16,4,,0,30,,1355,16,4,,0,70,,1342,16,4,,0,30,,1351,16,4,,0,70,,1359,16,4,,0,30,,1345,16,4,,0,70,,1357,16,4,,0,30,,1352,16,4,,0,70,,1346,16,4,,0,30,,1363,16,4,,0,100,,1356,16,4,,0,100,,1360,16,4,,0
1001,'5105',757,,1368,16,4,,0,70,,1369,16,4,,0,30,,1373,16,4,,0,70,,1372,16,4,,0,30,,1371,16,4,,0,70,,1370,16,4,,0,30,,1374,16,4,,0,70,,1375,16,4,,0,30,,1376,16,4,,0,70,,1378,16,4,,0,30,,1377,16,4,,0,70,,1379,16,4,,0,30,,1381,16,4,,0,70,,1380,16,4,,0,30,,1382,16,4,,0,70,,1383,16,4,,0,30,,1384,16,4,,0,70,,1386,16,4,,0,30,,1385,16,4,,0,70,,1388,16,4,,0,30,,1387,16,4,,0,100,,1389,16,4,,0,100,,1390,16,4,,0,100,,1391,16,4,,0
