501,'4327',725,,1219,1,,,0,98,,1218,16,,,0,100,,1213,16,,,0,100,,1212,16,,,0,100,,1215,16,,,0,100,,1217,16,,,0,100,,1216,16,,,0,100,,1214,16,,,0,100,,1226,16,,,0,100,,1225,16,,,0,100,,1224,16,,,0,100,,1223,16,,,0,100,,1222,16,,,0,100,,1220,16,,,0,100,,1221,16,,,0
501,'4795',658,,116,1,,,0,64,,127,16,,,0,28,,118,16,,,0,73,,128,16,,,0,28,,119,16,,,0,72,,129,16,,,0,100,,126,16,,,0,100,,131,16,,,0,100,,133,16,,,0,100,,130,16,,,0,100,,134,16,,,0,99,,132,16,,,0,30,,136,16,,,0,70,,135,16,,,0,30,,117,16,,,0,71,,122,16,,,0,28,,137,16,,,0,71,,124,16,,,0,100,,123,16,,,0,100,,121,16,,,0,100,,120,16,,,0,100,,125,16,,,0
501,'4800',725,,149,1,,,0,98,,148,16,,,0,100,,139,16,,,0,100,,150,16,,,0,100,,145,16,,,0,100,,151,16,,,0,100,,138,16,,,0,100,,147,16,,,0,100,,141,16,,,0,100,,152,16,,,0,100,,146,16,,,0,100,,142,16,,,0,100,,140,16,,,0,100,,143,16,,,0,100,,144,16,,,0
501,'5102',658,,1227,1,,,0,64,,1238,16,,,0,28,,1229,16,,,0,73,,1239,16,,,0,28,,1230,16,,,0,72,,1240,16,,,0,100,,1237,16,,,0,100,,1242,16,,,0,100,,1244,16,,,0,100,,1241,16,,,0,100,,1245,16,,,0,99,,1243,16,,,0,30,,1247,16,,,0,70,,1246,16,,,0,30,,1228,16,,,0,71,,1233,16,,,0,28,,1248,16,,,0,71,,1235,16,,,0,100,,1234,16,,,0,100,,1232,16,,,0,100,,1231,16,,,0,100,,1236,16,,,0
501,'5105',725,,1260,1,,,0,98,,1259,16,,,0,100,,1250,16,,,0,100,,1261,16,,,0,100,,1256,16,,,0,100,,1262,16,,,0,100,,1249,16,,,0,100,,1258,16,,,0,100,,1252,16,,,0,100,,1263,16,,,0,100,,1257,16,,,0,100,,1253,16,,,0,100,,1251,16,,,0,100,,1254,16,,,0,100,,1255,16,,,0
5500,'4327',910,,1772,14,0,18,0,100,,1778,14,0,18,0,100,,1769,14,0,18,0,100,,1771,14,0,18,0,100,,1773,14,0,18,0,100,,1768,14,0,18,0,100,,1774,14,0,18,0,100,,1770,14,0,18,0,100,,1777,14,0,18,0,100,,1776,14,0,18,0,100,,1775,14,0,18,0
5500,'4795',740,,785,14,0,18,0,80,,781,14,0,18,0,20,,787,14,0,18,0,80,,782,14,0,18,0,20,,793,14,0,18,0,100,,771,14,0,18,0,100,,763,14,0,18,0,100,,795,14,0,18,0,100,,794,14,0,18,0,99,,778,14,0,18,0,101,,783,14,0,18,0,72,,799,14,0,18,0,31,,766,14,0,18,0,72,,780,14,0,18,0,29,,768,14,0,18,0,72,,797,14,0,18,0,28,,769,14,0,18,0,71,,798,14,0,18,0,26,,773,14,0,18,0,100,,777,14,0,18,0
5500,'4800',802,,801,14,0,18,0,108,,802,14,0,18,0,100,,807,14,0,18,0,100,,804,14,0,18,0,100,,806,14,0,18,0,100,,805,14,0,18,0,100,,803,14,0,18,0,100,,814,14,0,18,0,100,,810,14,0,18,0,100,,815,14,0,18,0,100,,811,14,0,18,0,100,,809,14,0,18,0,100,,813,14,0,18,0,100,,808,14,0,18,0,100,,812,14,0,18,0
5500,'5102',740,,1804,14,0,18,0,80,,1801,14,0,18,0,20,,1806,14,0,18,0,80,,1800,14,0,18,0,20,,1812,14,0,18,0,100,,1790,14,0,18,0,100,,1782,14,0,18,0,100,,1814,14,0,18,0,100,,1813,14,0,18,0,99,,1797,14,0,18,0,101,,1802,14,0,18,0,103,,1785,14,0,18,0,72,,1799,14,0,18,0,29,,1787,14,0,18,0,72,,1816,14,0,18,0,28,,1788,14,0,18,0,71,,1817,14,0,18,0,26,,1792,14,0,18,0,100,,1796,14,0,18,0
5500,'5105',802,,1818,14,0,18,0,108,,1819,14,0,18,0,100,,1824,14,0,18,0,100,,1821,14,0,18,0,100,,1823,14,0,18,0,100,,1822,14,0,18,0,100,,1820,14,0,18,0,100,,1831,14,0,18,0,100,,1827,14,0,18,0,100,,1832,14,0,18,0,100,,1828,14,0,18,0,100,,1826,14,0,18,0,100,,1830,14,0,18,0,100,,1825,14,0,18,0,100,,1829,14,0,18,0
