1601,'4794',939,,555,5,,,0,100,,556,5,,,0,100,,557,5,,,0,100,,559,5,,,0,100,,560,5,,,0,100,,561,5,,,0,100,,558,5,,,0,100,,562,5,,,0,100,,563,5,,,0
1601,'4795',709,,565,5,,,0,30,,566,5,,,0,100,,567,5,,,0,70,,574,5,,,0,100,,575,5,,,0,30,,568,5,,,0,100,,564,5,,,0,70,,577,5,,,0,100,,578,5,,,0,30,,570,5,,,0,100,,571,5,,,0,70,,576,5,,,0,100,,579,5,,,0,30,,569,5,,,0,100,,572,5,,,0,70,,580,5,,,0,100,,581,5,,,0,130,,573,5,,,0
1601,'4796',639,,582,2,0,17,0,170,,588,5,,,0,130,,585,5,,,0,170,,587,5,,,0,130,,583,5,,,0,170,,590,5,,,0,130,,584,5,,,0,170,,591,5,,,0,130,,589,5,,,0,170,,592,5,,,0,130,,586,5,,,0
1601,'4799',639,,593,2,0,17,0,170,,599,5,,,0,130,,596,5,,,0,170,,598,5,,,0,130,,594,5,,,0,170,,601,5,,,0,130,,595,5,,,0,170,,602,5,,,0,130,,600,5,,,0,170,,603,5,,,0,130,,597,5,,,0
1601,'4800',743,,606,2,0,17,0,96,,607,5,,,0,100,,605,5,,,0,70,,620,5,,,0,30,,604,5,,,0,70,,622,5,,,0,30,,612,5,,,0,70,,623,5,,,0,30,,613,5,,,0,70,,624,5,,,0,30,,608,5,,,0,70,,621,5,,,0,30,,610,5,,,0,70,,625,5,,,0,30,,614,5,,,0,70,,626,5,,,0,30,,615,5,,,0,100,,616,5,,,0,100,,609,5,,,0,100,,617,5,,,0,100,,618,5,,,0,100,,619,5,,,0,70,,611,5,,,0
1900,'4794',909,,635,5,,,0,100,,627,5,,,0,100,,628,5,,,0,100,,629,5,,,0,100,,630,5,,,0,100,,631,5,,,0,100,,632,5,,,0,100,,633,5,,,0,100,,634,5,,,0,100,,636,5,,,0
1900,'4800',809,,637,5,,,0,100,,638,5,,,0,800,,639,5,,,0,100,,641,5,,,0,100,,640,5,,,0,100,,642,5,,,0,100,,643,5,,,0
8801,'4794',739,,854,36,,,0,100,,853,36,,,0,100,,849,36,,,0,100,,843,36,,,0,100,,844,36,,,0,70,,863,36,,,0,30,,845,36,,,0,70,,862,36,,,0,30,,846,36,,,0,70,,859,36,,,0,30,,847,36,,,0,70,,860,36,,,0,30,,842,36,,,0,70,,861,36,,,0,30,,848,36,,,0,70,,864,36,,,0,30,,850,36,,,0,100,,851,36,,,0,100,,852,36,,,0,100,,855,36,,,0,100,,856,36,,,0,100,,857,36,,,0
8801,'4795',709,,894,36,,,0,30,,887,36,,,0,70,,896,36,,,0,22,,882,36,,,0,20,,888,36,,,0,58,,893,36,,,0,23,,886,36,,,0,19,,889,36,,,0,58,,895,36,,,0,30,,866,36,,,0,70,,875,36,,,0,30,,881,36,,,0,70,,897,36,,,0,30,,867,36,,,0,70,,876,36,,,0,30,,884,36,,,0,70,,880,36,,,0,30,,865,36,,,0,70,,874,36,,,0,18,,898,36,,,0,20,,883,36,,,0,62,,890,36,,,0,18,,878,36,,,0,20,,872,36,,,0,62,,868,36,,,0,18,,899,36,,,0,20,,892,36,,,0,62,,891,36,,,0,30,,873,36,,,0,70,,871,36,,,0,30,,879,36,,,0,70,,885,36,,,0,100,,869,36,,,0,100,,877,36,,,0
8801,'4800',739,,900,36,,,0,70,,924,36,,,0,30,,902,36,,,0,70,,923,36,,,0,30,,904,36,,,0,70,,919,36,,,0,30,,905,36,,,0,70,,921,36,,,0,30,,901,36,,,0,70,,920,36,,,0,30,,907,36,,,0,70,,922,36,,,0,30,,908,36,,,0,70,,917,36,,,0,30,,906,36,,,0,70,,927,36,,,0,30,,909,36,,,0,70,,918,36,,,0,30,,910,36,,,0,70,,925,36,,,0,30,,903,36,,,0,70,,926,36,,,0,30,,912,36,,,0,100,,913,36,,,0,100,,914,36,,,0,100,,911,36,,,0,100,,915,36,,,0
