1500,'4327',730,,1448,20,,,0,100,,1435,20,,,0,100,,1430,20,,,0,100,,1425,20,,,0,70,,1440,20,,,0,30,,1426,20,,,0,70,,1441,20,,,0,30,,1427,20,,,0,70,,1442,20,,,0,30,,1428,20,,,0,70,,1443,20,,,0,30,,1429,20,,,0,70,,1444,20,,,0,30,,1431,20,,,0,70,,1445,20,,,0,30,,1432,20,,,0,29,,1446,20,,,0,71,,1433,20,,,0,70,,1447,20,,,0,30,,1434,20,,,0,100,,1436,20,,,0,100,,1437,20,,,0,100,,1438,20,,,0,100,,1439,20,,,0
1500,'4795',700,,342,19,,,0,100,,355,20,,,0,30,,338,20,,,0,11,,379,20,,,0,70,,368,20,,,0,19,,340,20,,,0,11,,367,20,,,0,59,,358,20,,,0,11,,363,20,,,0,30,,377,20,,,0,59,,345,20,,,0,11,,362,20,,,0,19,,339,20,,,0,11,,374,20,,,0,70,,365,20,,,0,19,,341,20,,,0,11,,375,20,,,0,59,,347,20,,,0,11,,364,20,,,0,30,,378,20,,,0,59,,348,20,,,0,11,,371,20,,,0,19,,343,20,,,0,11,,370,20,,,0,70,,361,20,,,0,19,,357,20,,,0,11,,373,20,,,0,59,,346,20,,,0,11,,360,20,,,0,30,,372,20,,,0,59,,349,20,,,0,11,,359,20,,,0,19,,356,20,,,0,11,,366,20,,,0,70,,369,20,,,0,19,,344,20,,,0,11,,376,20,,,0,59,,350,20,,,0,100,,352,20,,,0,30,,354,20,,,0,100,,353,20,,,0,70,,351,20,,,0
1500,'4796',730,,380,20,,,0,170,,390,20,,,0,130,,382,20,,,0,170,,383,20,,,0,130,,381,20,,,0,170,,385,20,,,0,130,,389,20,,,0,170,,384,20,,,0,130,,387,20,,,0,170,,388,20,,,0,130,,386,20,,,0
1500,'4799',730,,391,20,,,0,170,,401,20,,,0,130,,393,20,,,0,170,,394,20,,,0,130,,392,20,,,0,170,,396,20,,,0,130,,400,20,,,0,170,,395,20,,,0,130,,398,20,,,0,170,,399,20,,,0,130,,397,20,,,0,98,,405,22,0,16 18,0,100,,404,22,0,16 18,0,100,,403,22,0,16 18,0,100,,402,22,0,16 18,0
1500,'4800',730,,433,20,,,0,100,,406,20,,,0,100,,407,20,,,0,100,,410,20,,,0,70,,409,20,,,0,30,,408,20,,,0,70,,412,20,,,0,30,,413,20,,,0,70,,414,20,,,0,30,,411,20,,,0,70,,419,20,,,0,30,,420,20,,,0,70,,417,20,,,0,30,,415,20,,,0,70,,422,20,,,0,30,,423,20,,,0,29,,421,20,,,0,71,,416,20,,,0,70,,424,20,,,0,30,,418,20,,,0,70,,434,20,,,0,30,,426,20,,,0,100,,427,20,,,0,100,,428,20,,,0,100,,425,20,,,0,98,,431,22,0,16 18,0,100,,432,22,0,16 18,0,100,,429,22,0,16 18,0,100,,430,22,0,16 18,0
1500,'5102',700,,1453,19,,,0,30,,1470,20,,,0,70,,1467,20,,,0,30,,1449,20,,,0,70,,1480,20,,,0,30,,1451,20,,,0,70,,1466,20,,,0,30,,1472,20,,,0,70,,1456,20,,,0,30,,1450,20,,,0,70,,1473,20,,,0,30,,1452,20,,,0,70,,1458,20,,,0,30,,1471,20,,,0,70,,1459,20,,,0,30,,1454,20,,,0,70,,1475,20,,,0,30,,1469,20,,,0,70,,1457,20,,,0,30,,1479,20,,,0,70,,1460,20,,,0,30,,1468,20,,,0,70,,1474,20,,,0,30,,1455,20,,,0,70,,1461,20,,,0,30,,1477,20,,,0,70,,1463,20,,,0,30,,1465,20,,,0,70,,1478,20,,,0,30,,1464,20,,,0,70,,1462,20,,,0,30,,1476,20,,,0
1500,'5105',730,,1504,20,,,0,100,,1481,20,,,0,100,,1482,20,,,0,100,,1485,20,,,0,70,,1484,20,,,0,30,,1483,20,,,0,70,,1487,20,,,0,30,,1488,20,,,0,70,,1489,20,,,0,30,,1486,20,,,0,70,,1494,20,,,0,30,,1495,20,,,0,70,,1492,20,,,0,30,,1490,20,,,0,70,,1497,20,,,0,30,,1498,20,,,0,29,,1496,20,,,0,71,,1491,20,,,0,70,,1499,20,,,0,30,,1493,20,,,0,70,,1505,20,,,0,30,,1501,20,,,0,100,,1502,20,,,0,100,,1503,20,,,0,100,,1500,20,,,0
4600,'4327',929,,1672,23,,,0,100,,1673,23,,,0,100,,1664,23,,,0,100,,1666,23,,,0,100,,1668,23,,,0,100,,1663,23,,,0,100,,1670,23,,,0,100,,1671,23,,,0,100,,1667,23,,,0,100,,1669,23,,,0,100,,1665,23,,,0
4600,'4795',758,,662,23,,,0,142,,663,23,,,0,59,,664,23,,,0,100,,666,23,,,0,100,,665,23,,,0,100,,667,23,,,0,100,,668,23,,,0,100,,655,23,,,0,100,,656,23,,,0,100,,657,23,,,0,99,,658,23,,,0,100,,659,23,,,0,99,,661,23,,,0,100,,660,23,,,0
4600,'4800',829,,669,23,,,0,100,,678,23,,,0,100,,682,23,,,0,100,,674,23,,,0,100,,671,23,,,0,100,,675,23,,,0,100,,677,23,,,0,100,,679,23,,,0,100,,672,23,,,0,100,,680,23,,,0,100,,676,23,,,0,100,,670,23,,,0,100,,681,23,,,0
4600,'5102',758,,1681,23,,,0,142,,1682,23,,,0,59,,1683,23,,,0,100,,1685,23,,,0,100,,1684,23,,,0,100,,1686,23,,,0,100,,1687,23,,,0,100,,1674,23,,,0,100,,1675,23,,,0,100,,1676,23,,,0,99,,1677,23,,,0,100,,1678,23,,,0,99,,1680,23,,,0,100,,1679,23,,,0
4600,'5105',829,,1688,23,,,0,100,,1697,23,,,0,100,,1701,23,,,0,100,,1693,23,,,0,100,,1690,23,,,0,100,,1694,23,,,0,100,,1696,23,,,0,100,,1698,23,,,0,100,,1691,23,,,0,100,,1699,23,,,0,100,,1695,23,,,0,100,,1689,23,,,0,100,,1700,23,,,0
4700,'4795',735,,735,35,,,0,103,,723,35,,,0,99,,733,35,,,0,100,,729,35,,,0,100,,732,35,,,0,100,,734,35,,,0,100,,722,35,,,0,100,,731,35,,,0,101,,724,35,,,0,100,,730,35,,,0,99,,726,35,,,0,98,,727,35,,,0,100,,728,35,,,0,100,,725,35,,,0
4700,'5102',735,,1754,35,,,0,103,,1742,35,,,0,99,,1752,35,,,0,100,,1748,35,,,0,100,,1751,35,,,0,100,,1753,35,,,0,100,,1741,35,,,0,100,,1750,35,,,0,101,,1743,35,,,0,100,,1749,35,,,0,99,,1745,35,,,0,98,,1746,35,,,0,100,,1747,35,,,0,100,,1744,35,,,0
