500,'4327',739,,1166,3,,,0,98,,1160,3,,,0,100,,1165,3,,,0,100,,1164,3,,,0,100,,1167,3,,,0,100,,1161,3,,,0,100,,1162,3,,,0,100,,1163,3,,,0,100,,1174,3,,,0,100,,1173,3,,,0,100,,1172,3,,,0,100,,1171,3,,,0,100,,1170,3,,,0,100,,1168,3,,,0,100,,1169,3,,,0
500,'4795',709,,66,3,,,0,28,,75,3,,,0,65,,65,3,,,0,35,,76,3,,,0,65,,64,3,,,0,35,,77,3,,,0,100,,81,3,,,0,100,,82,3,,,0,100,,78,3,,,0,100,,79,3,,,0,100,,80,3,,,0,100,,70,3,,,0,70,,84,3,,,0,30,,68,3,,,0,70,,67,3,,,0,30,,69,3,,,0,70,,85,3,,,0,30,,72,3,,,0,100,,73,3,,,0,100,,71,3,,,0,100,,74,3,,,0,100,,83,3,,,0
500,'4800',739,,87,3,,,0,98,,91,3,,,0,100,,88,3,,,0,100,,95,3,,,0,100,,86,3,,,0,100,,96,3,,,0,100,,100,3,,,0,100,,99,3,,,0,100,,89,3,,,0,100,,97,3,,,0,100,,98,3,,,0,100,,93,3,,,0,100,,94,3,,,0,100,,92,3,,,0,100,,90,3,,,0
500,'5102',709,,1177,3,,,0,28,,1186,3,,,0,65,,1176,3,,,0,35,,1187,3,,,0,65,,1175,3,,,0,35,,1188,3,,,0,100,,1192,3,,,0,100,,1193,3,,,0,100,,1189,3,,,0,100,,1190,3,,,0,100,,1191,3,,,0,100,,1181,3,,,0,70,,1195,3,,,0,30,,1179,3,,,0,70,,1178,3,,,0,30,,1180,3,,,0,70,,1196,3,,,0,30,,1184,3,,,0,100,,1182,3,,,0,100,,1183,3,,,0,100,,1185,3,,,0,100,,1194,3,,,0
500,'5105',739,,1198,3,,,0,98,,1202,3,,,0,100,,1199,3,,,0,100,,1206,3,,,0,100,,1197,3,,,0,100,,1207,3,,,0,100,,1211,3,,,0,100,,1210,3,,,0,100,,1200,3,,,0,100,,1208,3,,,0,100,,1209,3,,,0,100,,1204,3,,,0,100,,1205,3,,,0,100,,1203,3,,,0,100,,1201,3,,,0
4700,'4795',708,,735,3,,,0,100,,723,3,,,0,100,,733,3,,,0,100,,729,3,,,0,100,,732,3,,,0,100,,734,3,,,0,100,,722,3,,,0,100,,731,3,,,0,101,,724,3,,,0,100,,730,3,,,0,99,,726,3,,,0,100,,727,3,,,0,100,,728,3,,,0,100,,725,3,,,0
4700,'5102',708,,1754,3,,,0,100,,1742,3,,,0,100,,1752,3,,,0,100,,1748,3,,,0,100,,1751,3,,,0,100,,1753,3,,,0,100,,1741,3,,,0,100,,1750,3,,,0,101,,1743,3,,,0,100,,1749,3,,,0,99,,1745,3,,,0,100,,1746,3,,,0,100,,1747,3,,,0,100,,1744,3,,,0
5500,'4327',901,,1772,3,0,18,0,100,,1778,3,0,18,0,100,,1769,3,0,18,0,100,,1771,3,0,18,0,100,,1773,3,0,18,0,100,,1768,3,0,18,0,100,,1774,3,0,18,0,100,,1770,3,0,18,0,100,,1777,3,0,18,0,100,,1776,3,0,18,0,100,,1775,3,0,18,0
5500,'4795',731,,785,3,0,18,0,80,,781,3,0,18,0,20,,787,3,0,18,0,80,,782,3,0,18,0,20,,793,3,0,18,0,100,,771,3,0,18,0,100,,763,3,0,18,0,100,,795,3,0,18,0,100,,794,3,0,18,0,99,,778,3,0,18,0,100,,783,3,0,18,0,72,,799,3,0,18,0,31,,766,3,0,18,0,72,,780,3,0,18,0,29,,768,3,0,18,0,72,,797,3,0,18,0,28,,769,3,0,18,0,72,,798,3,0,18,0,26,,773,3,0,18,0,100,,777,3,0,18,0
5500,'4800',753,,801,3,0,18,0,148,,802,3,0,18,0,100,,807,3,0,18,0,100,,804,3,0,18,0,100,,806,3,0,18,0,100,,805,3,0,18,0,100,,803,3,0,18,0,100,,814,3,0,18,0,100,,810,3,0,18,0,100,,815,3,0,18,0,100,,811,3,0,18,0,100,,809,3,0,18,0,100,,813,3,0,18,0,100,,808,3,0,18,0,100,,812,3,0,18,0
5500,'5102',731,,1804,3,0,18,0,80,,1801,3,0,18,0,20,,1806,3,0,18,0,80,,1800,3,0,18,0,20,,1812,3,0,18,0,100,,1790,3,0,18,0,100,,1782,3,0,18,0,100,,1814,3,0,18,0,100,,1813,3,0,18,0,99,,1797,3,0,18,0,100,,1802,3,0,18,0,103,,1785,3,0,18,0,72,,1799,3,0,18,0,29,,1787,3,0,18,0,72,,1816,3,0,18,0,28,,1788,3,0,18,0,72,,1817,3,0,18,0,26,,1792,3,0,18,0,100,,1796,3,0,18,0
5500,'5105',753,,1818,3,0,18,0,148,,1819,3,0,18,0,100,,1824,3,0,18,0,100,,1821,3,0,18,0,100,,1823,3,0,18,0,100,,1822,3,0,18,0,100,,1820,3,0,18,0,100,,1831,3,0,18,0,100,,1827,3,0,18,0,100,,1832,3,0,18,0,100,,1828,3,0,18,0,100,,1826,3,0,18,0,100,,1830,3,0,18,0,100,,1825,3,0,18,0,100,,1829,3,0,18,0
