100,'4327',930,,1112,41,,,0,100,,1113,41,,,0,100,,1115,41,,,0,100,,1114,41,,,0,100,,1116,41,,,0,100,,1117,41,,,0,100,,1118,41,,,0,100,,1120,41,,,0,100,,1119,41,,,0,100,,1121,41,,,0
100,'4795',630,,32,41,,,0,170,,11,41,,,0,30,,25,41,,,0,70,,18,41,,,0,30,,13,41,,,0,70,,26,41,,,0,30,,20,41,,,0,70,,21,41,,,0,100,,12,41,,,0,100,,31,41,,,0,100,,14,41,,,0,100,,22,41,,,0,100,,15,41,,,0,30,,23,41,,,0,70,,16,41,,,0,30,,29,41,,,0,70,,27,41,,,0,30,,17,41,,,0,100,,24,41,,,0,100,,19,41,,,0,100,,28,41,,,0,100,,30,41,,,0,70,,33,41,,,0
100,'4800',730,,34,41,,,0,100,,35,41,,,0,100,,36,41,,,0,100,,37,41,,,0,100,,38,41,,,0,100,,39,41,,,0,100,,40,41,,,0,100,,41,41,,,0,100,,42,41,,,0,100,,43,41,,,0,100,,44,41,,,0,100,,45,41,,,0,100,,46,41,,,0,100,,48,41,,,0,100,,47,41,,,0
100,'5102',630,,1143,41,,,0,170,,1122,41,,,0,30,,1136,41,,,0,70,,1129,41,,,0,30,,1124,41,,,0,70,,1137,41,,,0,30,,1132,41,,,0,70,,1131,41,,,0,100,,1123,41,,,0,100,,1142,41,,,0,100,,1125,41,,,0,100,,1133,41,,,0,100,,1126,41,,,0,30,,1134,41,,,0,70,,1127,41,,,0,30,,1140,41,,,0,70,,1138,41,,,0,30,,1128,41,,,0,100,,1135,41,,,0,100,,1130,41,,,0,100,,1139,41,,,0,100,,1141,41,,,0,70,,1144,41,,,0
100,'5105',730,,1145,41,,,0,100,,1146,41,,,0,100,,1147,41,,,0,100,,1148,41,,,0,100,,1149,41,,,0,100,,1150,41,,,0,100,,1151,41,,,0,100,,1152,41,,,0,100,,1153,41,,,0,100,,1154,41,,,0,100,,1155,41,,,0,100,,1156,41,,,0,100,,1157,41,,,0,100,,1159,41,,,0,100,,1158,41,,,0
500,'4327',751,,1166,19,,,0,98,,1160,19,,,0,100,,1165,19,,,0,100,,1164,19,,,0,100,,1167,19,,,0,100,,1161,19,,,0,100,,1162,19,,,0,100,,1163,19,,,0,100,,1174,19,,,0,100,,1173,19,,,0,100,,1172,19,,,0,100,,1171,19,,,0,100,,1170,19,,,0,100,,1168,19,,,0,100,,1169,19,,,0
500,'4795',721,,66,19,,,0,28,,75,19,,,0,65,,65,19,,,0,35,,76,19,,,0,65,,64,19,,,0,35,,77,19,,,0,100,,81,19,,,0,100,,82,19,,,0,100,,78,19,,,0,100,,79,19,,,0,100,,80,19,,,0,100,,70,19,,,0,70,,84,19,,,0,30,,68,19,,,0,70,,67,19,,,0,30,,69,19,,,0,70,,85,19,,,0,30,,72,19,,,0,100,,73,19,,,0,100,,71,19,,,0,100,,74,19,,,0,100,,83,19,,,0
500,'4800',751,,87,19,,,0,98,,91,19,,,0,100,,88,19,,,0,100,,95,19,,,0,100,,86,19,,,0,100,,96,19,,,0,100,,100,19,,,0,100,,99,19,,,0,100,,89,19,,,0,100,,97,19,,,0,100,,98,19,,,0,100,,93,19,,,0,100,,94,19,,,0,100,,92,19,,,0,100,,90,19,,,0
500,'5102',721,,1177,19,,,0,28,,1186,19,,,0,65,,1176,19,,,0,35,,1187,19,,,0,65,,1175,19,,,0,35,,1188,19,,,0,100,,1192,19,,,0,100,,1193,19,,,0,100,,1189,19,,,0,100,,1190,19,,,0,100,,1191,19,,,0,100,,1181,19,,,0,70,,1195,19,,,0,30,,1179,19,,,0,70,,1178,19,,,0,30,,1180,19,,,0,70,,1196,19,,,0,30,,1184,19,,,0,100,,1182,19,,,0,100,,1183,19,,,0,100,,1185,19,,,0,100,,1194,19,,,0
500,'5105',751,,1198,19,,,0,98,,1202,19,,,0,100,,1199,19,,,0,100,,1206,19,,,0,100,,1197,19,,,0,100,,1207,19,,,0,100,,1211,19,,,0,100,,1210,19,,,0,100,,1200,19,,,0,100,,1208,19,,,0,100,,1209,19,,,0,100,,1204,19,,,0,100,,1205,19,,,0,100,,1203,19,,,0,100,,1201,19,,,0
