100,'4528',603,,2150,1,,,0,29,,2150,44,4,,0,101,,2129,1,,,0,69,,2129,44,4,,0,1,,2143,1,,,0,29,,2143,44,4,,0,1,,2136,1,,,0,69,,2136,44,4,,0,1,,2131,1,,,0,29,,2131,44,4,,0,1,,2144,1,,,0,69,,2144,44,4,,0,1,,2139,1,,,0,29,,2139,44,4,,0,1,,2138,1,,,0,69,,2138,44,4,,0,31,,2130,1,,,0,69,,2130,44,4,,0,31,,2149,1,,,0,69,,2149,44,4,,0,31,,2132,1,,,0,69,,2132,44,4,,0,31,,2140,1,,,0,69,,2140,44,4,,0,31,,2133,1,,,0,69,,2133,44,4,,0,1,,2141,1,,,0,29,,2141,44,4,,0,1,,2134,1,,,0,69,,2134,44,4,,0,1,,2147,1,,,0,29,,2147,44,4,,0,1,,2145,1,,,0,69,,2145,44,4,,0,1,,2135,1,,,0,29,,2135,44,4,,0,71,,2142,1,,,0,29,,2142,44,4,,0,71,,2137,1,,,0,29,,2137,44,4,,0,71,,2146,1,,,0,29,,2146,44,4,,0,71,,2148,1,,,0,29,,2148,44,4,,0,1,,2151,1,,,0,69,,2151,44,4,,0
100,'5015',703,,2152,1,,,0,29,,2152,44,4,,0,71,,2153,1,,,0,29,,2153,44,4,,0,71,,2154,1,,,0,29,,2154,44,4,,0,71,,2155,1,,,0,29,,2155,44,4,,0,71,,2156,1,,,0,29,,2156,44,4,,0,71,,2157,1,,,0,29,,2157,44,4,,0,71,,2158,1,,,0,29,,2158,44,4,,0,71,,2159,1,,,0,29,,2159,44,4,,0,71,,2160,1,,,0,29,,2160,44,4,,0,71,,2161,1,,,0,29,,2161,44,4,,0,71,,2162,1,,,0,29,,2162,44,4,,0,71,,2163,1,,,0,29,,2163,44,4,,0,71,,2164,1,,,0,29,,2164,44,4,,0,71,,2166,1,,,0,29,,2166,44,4,,0,71,,2165,1,,,0,29,,2165,44,4,,0
100,'5221',903,,2167,1,,,0,29,,2167,44,4,,0,71,,2168,1,,,0,29,,2168,44,4,,0,71,,2170,1,,,0,29,,2170,44,4,,0,71,,2169,1,,,0,29,,2169,44,4,,0,71,,2171,1,,,0,29,,2171,44,4,,0,71,,2172,1,,,0,29,,2172,44,4,,0,71,,2173,1,,,0,29,,2173,44,4,,0,71,,2175,1,,,0,29,,2175,44,4,,0,71,,2174,1,,,0,29,,2174,44,4,,0,71,,2176,1,,,0,29,,2176,44,4,,0
500,'4528',724,,2179,22,,,0,28,,2188,22,,,0,65,,2178,22,,,0,35,,2189,22,,,0,65,,2177,22,,,0,35,,2190,22,,,0,100,,2194,22,,,0,100,,2195,22,,,0,100,,2191,22,,,0,100,,2192,22,,,0,100,,2193,22,,,0,100,,2183,22,,,0,70,,2197,22,,,0,30,,2181,22,,,0,70,,2180,22,,,0,30,,2182,22,,,0,70,,2198,22,,,0,30,,2186,22,,,0,100,,2184,22,,,0,100,,2185,22,,,0,100,,2187,22,,,0,100,,2196,22,,,0
500,'5015',754,,2200,22,,,0,98,,2204,22,,,0,100,,2201,22,,,0,100,,2208,22,,,0,100,,2199,22,,,0,100,,2209,22,,,0,100,,2213,22,,,0,100,,2211,22,,,0,100,,2202,22,,,0,100,,2210,22,,,0,100,,2212,22,,,0,100,,2206,22,,,0,100,,2207,22,,,0,100,,2205,22,,,0,100,,2203,22,,,0
500,'5221',754,,2220,22,,,0,98,,2214,22,,,0,100,,2219,22,,,0,100,,2218,22,,,0,100,,2221,22,,,0,100,,2215,22,,,0,100,,2216,22,,,0,100,,2217,22,,,0,100,,2228,22,,,0,100,,2227,22,,,0,100,,2226,22,,,0,100,,2225,22,,,0,100,,2224,22,,,0,100,,2222,22,,,0,100,,2223,22,,,0
1101,'4528',703,,2415,1,,,0,29,,2415,44,4,,0,1,,2414,1,,,0,69,,2414,44,4,,0,1,,2409,1,,,0,29,,2409,44,4,,0,1,,2420,1,,,0,69,,2420,44,4,,0,1,,2416,1,,,0,29,,2416,44,4,,0,1,,2410,1,,,0,69,,2410,44,4,,0,1,,2421,1,,,0,29,,2421,44,4,,0,71,,2411,1,,,0,29,,2411,44,4,,0,71,,2424,1,,,0,29,,2424,44,4,,0,71,,2417,1,,,0,29,,2417,44,4,,0,71,,2412,1,,,0,29,,2412,44,4,,0,71,,2419,1,,,0,24,,2423,2,,,0,5,,2419,44,4,,0,22,,2423,45,4,,0,49,,2426,1,,,0,29,,2426,44,4,,0,1,,2422,1,,,0,69,,2422,44,4,,0,1,,2413,1,,,0,29,,2413,44,4,,0,1,,2425,1,,,0,69,,2425,44,4,,0,1,,2418,1,,,0,29,,2418,44,4,,0,1,,2427,1,,,0,69,,2427,44,4,,0
1101,'5015',733,,2428,1,,,0,69,,2428,44,4,,0,31,,2429,1,,,0,69,,2429,44,4,,0,31,,2430,1,,,0,69,,2430,44,4,,0,31,,2431,1,,,0,69,,2431,44,4,,0,31,,2432,1,,,0,69,,2432,44,4,,0,31,,2433,1,,,0,69,,2433,44,4,,0,31,,2434,1,,,0,69,,2434,44,4,,0,31,,2435,1,,,0,69,,2435,44,4,,0,31,,2436,1,,,0,69,,2436,44,4,,0,31,,2437,1,,,0,69,,2437,44,4,,0,31,,2438,1,,,0,69,,2438,44,4,,0
55029,'4528',713,,2840,1,,,0,36,9,2827,14,,,0,60,9,2845,14,,,0,40,9,2829,14,,,0,60,9,2832,14,,,0,100,9,2841,14,,,0,101,9,2842,14,,,0,100,9,2844,14,,,0,100,9,2843,14,,,0,100,9,2846,14,,,0,99,9,2833,14,,,0,103,9,2830,14,,,0,32,9,2836,14,,,0,69,9,2828,14,,,0,32,9,2839,14,,,0,68,9,2831,14,,,0,30,9,2838,14,,,0,68,9,2835,14,,,0,100,9,2834,14,,,0,98,9,2837,14,0,11,0
55029,'5015',735,,2848,1,,,0,106,9,2850,14,,,0,100,9,2853,14,,,0,100,9,2851,14,,,0,100,9,2849,14,,,0,100,9,2855,14,,,0,100,9,2852,14,,,0,100,9,2854,14,,,0,100,9,2859,14,,,0,100,9,2858,14,,,0,100,9,2856,14,,,0,100,9,2847,14,,,0,100,9,2861,14,,,0,100,9,2860,14,,,0,100,9,2857,14,,,0
55029,'5221',841,9,2868,15,,,0,100,9,2870,15,,,0,100,9,2869,15,,,0,100,9,2871,15,,,0,100,9,2864,15,,,0,100,9,2872,15,,,0,100,9,2866,15,,,0,100,9,2863,15,,,0,100,9,2862,15,,,0,100,9,2867,15,,,0,100,9,2865,15,,,0
8801,'4528',641,8,2902,14,,,0,70,8,2895,14,,,0,30,8,2904,14,,,0,62,48,2890,14,,,0,20,8,2896,14,,,0,18,8,2901,14,,,0,63,48,2894,14,,,0,19,8,2897,14,,,0,18,8,2903,14,,,0,70,8,2875,14,,,0,30,8,2883,14,,,0,70,8,2889,14,,,0,30,8,2905,14,,,0,70,8,2876,14,,,0,30,8,2884,14,,,0,70,8,2892,14,,,0,30,8,2888,14,,,0,70,8,2873,14,,,0,30,8,2882,14,,,0,18,8,2906,14,,,0,60,8,2891,14,,,0,22,8,2898,14,,,0,18,8,2886,14,,,0,60,8,2880,14,,,0,22,8,2874,14,,,0,18,8,2907,14,,,0,60,8,2900,14,,,0,22,8,2899,14,,,0,70,8,2881,14,,,0,30,8,2879,14,,,0,70,8,2887,14,,,0,30,8,2893,14,,,0,100,8,2877,14,,,0,100,8,2885,14,,,0,93,,2878,14,0,5 6,0
8801,'5015',711,8,2908,14,,,0,30,8,2932,14,,,0,70,8,2910,14,,,0,30,8,2931,14,,,0,70,8,2912,14,,,0,30,8,2927,14,,,0,70,8,2913,14,,,0,30,8,2929,14,,,0,70,8,2909,14,,,0,30,8,2928,14,,,0,70,8,2915,14,,,0,30,8,2930,14,,,0,70,8,2916,14,,,0,30,8,2925,14,,,0,70,8,2914,14,,,0,30,8,2935,14,,,0,70,8,2917,14,,,0,30,8,2926,14,,,0,70,8,2918,14,,,0,30,8,2933,14,,,0,70,8,2911,14,,,0,30,8,2934,14,,,0,70,8,2920,14,,,0,100,8,2921,14,,,0,100,8,2922,14,,,0,100,8,2919,14,,,0,100,8,2923,14,,,0,92,,2924,14,0,5 6,0
8801,'5221',711,8,2948,14,,,0,100,8,2947,14,,,0,100,8,2943,14,,,0,100,8,2937,14,,,0,100,8,2938,14,,,0,30,8,2957,14,,,0,70,8,2939,14,,,0,30,8,2956,14,,,0,70,8,2940,14,,,0,30,8,2953,14,,,0,70,8,2941,14,,,0,30,8,2954,14,,,0,70,8,2936,14,,,0,30,8,2955,14,,,0,70,8,2942,14,,,0,30,8,2958,14,,,0,70,8,2944,14,,,0,100,8,2945,14,,,0,100,8,2946,14,,,0,100,8,2949,14,,,0,100,8,2950,14,,,0,100,8,2951,14,,,0,92,,2952,14,0,5 6,0
