1200,'4795',759,,313,30,0,20,0,776,,312,3,,,0
1601,'4794',938,,555,4,,,0,100,,556,4,,,0,100,,557,4,,,0,100,,559,4,,,0,100,,560,4,,,0,100,,561,4,,,0,100,,558,4,,,0,100,,562,4,,,0,100,,563,4,,,0
1601,'4795',707,,565,4,,,0,30,,566,4,,,0,100,,567,4,,,0,70,,574,4,,,0,100,,575,4,,,0,30,,568,4,,,0,100,,564,4,,,0,70,,577,4,,,0,100,,578,4,,,0,30,,570,4,,,0,100,,571,4,,,0,70,,576,4,,,0,100,,579,4,,,0,30,,569,4,,,0,100,,572,4,,,0,70,,580,4,,,0,100,,581,4,,,0,130,,573,4,,,0
1601,'4796',637,,582,1,0,17,0,170,,588,4,,,0,130,,585,4,,,0,170,,587,4,,,0,130,,583,4,,,0,170,,590,4,,,0,130,,584,4,,,0,170,,591,4,,,0,130,,589,4,,,0,170,,592,4,,,0,130,,586,4,,,0
1601,'4799',637,,593,1,0,17,0,170,,599,4,,,0,130,,596,4,,,0,170,,598,4,,,0,130,,594,4,,,0,170,,601,4,,,0,130,,595,4,,,0,170,,602,4,,,0,130,,600,4,,,0,170,,603,4,,,0,130,,597,4,,,0
1601,'4800',742,,606,1,0,17,0,95,,607,4,,,0,100,,605,4,,,0,70,,620,4,,,0,30,,604,4,,,0,70,,622,4,,,0,30,,612,4,,,0,70,,623,4,,,0,30,,613,4,,,0,70,,624,4,,,0,30,,608,4,,,0,70,,621,4,,,0,30,,610,4,,,0,70,,625,4,,,0,30,,614,4,,,0,70,,626,4,,,0,30,,615,4,,,0,100,,616,4,,,0,100,,609,4,,,0,100,,617,4,,,0,100,,618,4,,,0,100,,619,4,,,0,71,,611,4,,,0
1900,'4794',907,,635,4,,,0,100,,627,4,,,0,100,,628,4,,,0,100,,629,4,,,0,100,,630,4,,,0,100,,631,4,,,0,100,,632,4,,,0,100,,633,4,,,0,100,,634,4,,,0,100,,636,4,,,0
1900,'4800',807,,637,4,,,0,100,,638,4,,,0,800,,639,4,,,0,100,,641,4,,,0,100,,640,4,,,0,100,,642,4,,,0,100,,643,4,,,0
8801,'4794',737,,854,35,,,0,100,,853,35,,,0,100,,849,35,,,0,100,,843,35,,,0,100,,844,35,,,0,70,,863,35,,,0,30,,845,35,,,0,70,,862,35,,,0,30,,846,35,,,0,70,,859,35,,,0,30,,847,35,,,0,70,,860,35,,,0,30,,842,35,,,0,70,,861,35,,,0,30,,848,35,,,0,70,,864,35,,,0,30,,850,35,,,0,100,,851,35,,,0,100,,852,35,,,0,100,,855,35,,,0,100,,856,35,,,0,100,,857,35,,,0
8801,'4795',707,,894,35,,,0,30,,887,35,,,0,70,,896,35,,,0,22,,882,35,,,0,20,,888,35,,,0,58,,893,35,,,0,23,,886,35,,,0,19,,889,35,,,0,58,,895,35,,,0,30,,866,35,,,0,70,,875,35,,,0,30,,881,35,,,0,70,,897,35,,,0,30,,867,35,,,0,70,,876,35,,,0,30,,884,35,,,0,70,,880,35,,,0,30,,865,35,,,0,70,,874,35,,,0,18,,898,35,,,0,20,,883,35,,,0,62,,890,35,,,0,18,,878,35,,,0,20,,872,35,,,0,62,,868,35,,,0,18,,899,35,,,0,20,,892,35,,,0,62,,891,35,,,0,30,,873,35,,,0,70,,871,35,,,0,30,,879,35,,,0,70,,885,35,,,0,100,,869,35,,,0,100,,877,35,,,0
8801,'4800',737,,900,35,,,0,70,,924,35,,,0,30,,902,35,,,0,70,,923,35,,,0,30,,904,35,,,0,70,,919,35,,,0,30,,905,35,,,0,70,,921,35,,,0,30,,901,35,,,0,70,,920,35,,,0,30,,907,35,,,0,70,,922,35,,,0,30,,908,35,,,0,70,,917,35,,,0,30,,906,35,,,0,70,,927,35,,,0,30,,909,35,,,0,70,,918,35,,,0,30,,910,35,,,0,70,,925,35,,,0,30,,903,35,,,0,70,,926,35,,,0,30,,912,35,,,0,100,,913,35,,,0,100,,914,35,,,0,100,,911,35,,,0,100,,915,35,,,0
