1500,'4327',730,,1448,19,,,0,100,,1435,19,,,0,100,,1430,19,,,0,100,,1425,19,,,0,70,,1440,19,,,0,30,,1426,19,,,0,70,,1441,19,,,0,30,,1427,19,,,0,70,,1442,19,,,0,30,,1428,19,,,0,70,,1443,19,,,0,30,,1429,19,,,0,70,,1444,19,,,0,30,,1431,19,,,0,70,,1445,19,,,0,30,,1432,19,,,0,29,,1446,19,,,0,71,,1433,19,,,0,70,,1447,19,,,0,30,,1434,19,,,0,100,,1436,19,,,0,100,,1437,19,,,0,100,,1438,19,,,0,100,,1439,19,,,0
1500,'4795',700,,342,18,,,0,100,,355,19,,,0,30,,338,19,,,0,11,,379,19,,,0,70,,368,19,,,0,19,,340,19,,,0,11,,367,19,,,0,59,,358,19,,,0,11,,363,19,,,0,30,,377,19,,,0,59,,345,19,,,0,11,,362,19,,,0,19,,339,19,,,0,11,,374,19,,,0,70,,365,19,,,0,19,,341,19,,,0,11,,375,19,,,0,59,,347,19,,,0,11,,364,19,,,0,30,,378,19,,,0,59,,348,19,,,0,11,,371,19,,,0,19,,343,19,,,0,11,,370,19,,,0,70,,361,19,,,0,19,,357,19,,,0,11,,373,19,,,0,59,,346,19,,,0,11,,360,19,,,0,30,,372,19,,,0,59,,349,19,,,0,11,,359,19,,,0,19,,356,19,,,0,11,,366,19,,,0,70,,369,19,,,0,19,,344,19,,,0,11,,376,19,,,0,59,,350,19,,,0,100,,352,19,,,0,30,,354,19,,,0,100,,353,19,,,0,70,,351,19,,,0
1500,'4796',730,,380,19,,,0,170,,390,19,,,0,130,,382,19,,,0,170,,383,19,,,0,130,,381,19,,,0,170,,385,19,,,0,130,,389,19,,,0,170,,384,19,,,0,130,,387,19,,,0,170,,388,19,,,0,130,,386,19,,,0
1500,'4799',730,,391,19,,,0,170,,401,19,,,0,130,,393,19,,,0,170,,394,19,,,0,130,,392,19,,,0,170,,396,19,,,0,130,,400,19,,,0,170,,395,19,,,0,130,,398,19,,,0,170,,399,19,,,0,130,,397,19,,,0,98,,405,21,0,16 18,0,100,,404,21,0,16 18,0,100,,403,21,0,16 18,0,100,,402,21,0,16 18,0
1500,'4800',730,,433,19,,,0,100,,406,19,,,0,100,,407,19,,,0,100,,410,19,,,0,70,,409,19,,,0,30,,408,19,,,0,70,,412,19,,,0,30,,413,19,,,0,70,,414,19,,,0,30,,411,19,,,0,70,,419,19,,,0,30,,420,19,,,0,70,,417,19,,,0,30,,415,19,,,0,70,,422,19,,,0,30,,423,19,,,0,29,,421,19,,,0,71,,416,19,,,0,70,,424,19,,,0,30,,418,19,,,0,70,,434,19,,,0,30,,426,19,,,0,100,,427,19,,,0,100,,428,19,,,0,100,,425,19,,,0,98,,431,21,0,16 18,0,100,,432,21,0,16 18,0,100,,429,21,0,16 18,0,100,,430,21,0,16 18,0
1500,'5102',700,,1453,18,,,0,30,,1470,19,,,0,70,,1467,19,,,0,30,,1449,19,,,0,70,,1480,19,,,0,30,,1451,19,,,0,70,,1466,19,,,0,30,,1472,19,,,0,70,,1456,19,,,0,30,,1450,19,,,0,70,,1473,19,,,0,30,,1452,19,,,0,70,,1458,19,,,0,30,,1471,19,,,0,70,,1459,19,,,0,30,,1454,19,,,0,70,,1475,19,,,0,30,,1469,19,,,0,70,,1457,19,,,0,30,,1479,19,,,0,70,,1460,19,,,0,30,,1468,19,,,0,70,,1474,19,,,0,30,,1455,19,,,0,70,,1461,19,,,0,30,,1477,19,,,0,70,,1463,19,,,0,30,,1465,19,,,0,70,,1478,19,,,0,30,,1464,19,,,0,70,,1462,19,,,0,30,,1476,19,,,0
1500,'5105',730,,1504,19,,,0,100,,1481,19,,,0,100,,1482,19,,,0,100,,1485,19,,,0,70,,1484,19,,,0,30,,1483,19,,,0,70,,1487,19,,,0,30,,1488,19,,,0,70,,1489,19,,,0,30,,1486,19,,,0,70,,1494,19,,,0,30,,1495,19,,,0,70,,1492,19,,,0,30,,1490,19,,,0,70,,1497,19,,,0,30,,1498,19,,,0,29,,1496,19,,,0,71,,1491,19,,,0,70,,1499,19,,,0,30,,1493,19,,,0,70,,1505,19,,,0,30,,1501,19,,,0,100,,1502,19,,,0,100,,1503,19,,,0,100,,1500,19,,,0
4600,'4327',929,,1672,22,,,0,100,,1673,22,,,0,100,,1664,22,,,0,100,,1666,22,,,0,100,,1668,22,,,0,100,,1663,22,,,0,100,,1670,22,,,0,100,,1671,22,,,0,100,,1667,22,,,0,100,,1669,22,,,0,100,,1665,22,,,0
4600,'4795',757,,662,22,,,0,102,,663,22,,,0,99,,664,22,,,0,100,,666,22,,,0,100,,665,22,,,0,100,,667,22,,,0,100,,668,22,,,0,100,,655,22,,,0,100,,656,22,,,0,100,,657,22,,,0,99,,658,22,,,0,100,,659,22,,,0,99,,661,22,,,0,100,,660,22,,,0
4600,'4800',829,,669,22,,,0,100,,678,22,,,0,100,,682,22,,,0,100,,674,22,,,0,100,,671,22,,,0,100,,675,22,,,0,100,,677,22,,,0,100,,679,22,,,0,100,,672,22,,,0,100,,680,22,,,0,100,,676,22,,,0,100,,670,22,,,0,100,,681,22,,,0
4600,'5102',757,,1681,22,,,0,102,,1682,22,,,0,99,,1683,22,,,0,100,,1685,22,,,0,100,,1684,22,,,0,100,,1686,22,,,0,100,,1687,22,,,0,100,,1674,22,,,0,100,,1675,22,,,0,100,,1676,22,,,0,99,,1677,22,,,0,100,,1678,22,,,0,99,,1680,22,,,0,100,,1679,22,,,0
4600,'5105',829,,1688,22,,,0,100,,1697,22,,,0,100,,1701,22,,,0,100,,1693,22,,,0,100,,1690,22,,,0,100,,1694,22,,,0,100,,1696,22,,,0,100,,1698,22,,,0,100,,1691,22,,,0,100,,1699,22,,,0,100,,1695,22,,,0,100,,1689,22,,,0,100,,1700,22,,,0
4700,'4795',735,,735,34,,,0,102,,723,34,,,0,99,,733,34,,,0,100,,729,34,,,0,100,,732,34,,,0,100,,734,34,,,0,100,,722,34,,,0,100,,731,34,,,0,101,,724,34,,,0,100,,730,34,,,0,99,,726,34,,,0,99,,727,34,,,0,100,,728,34,,,0,100,,725,34,,,0
4700,'5102',735,,1754,34,,,0,102,,1742,34,,,0,99,,1752,34,,,0,100,,1748,34,,,0,100,,1751,34,,,0,100,,1753,34,,,0,100,,1741,34,,,0,100,,1750,34,,,0,101,,1743,34,,,0,100,,1749,34,,,0,99,,1745,34,,,0,99,,1746,34,,,0,100,,1747,34,,,0,100,,1744,34,,,0
