1500,'4327',720,,1448,9,,,0,100,,1435,9,,,0,100,,1430,9,,,0,100,,1425,9,,,0,30,,1440,9,,,0,70,,1426,9,,,0,30,,1441,9,,,0,70,,1427,9,,,0,30,,1442,9,,,0,70,,1428,9,,,0,30,,1443,9,,,0,70,,1429,9,,,0,30,,1444,9,,,0,70,,1431,9,,,0,30,,1445,9,,,0,70,,1432,9,,,0,29,,1446,9,,,0,71,,1433,9,,,0,30,,1447,9,,,0,70,,1434,9,,,0,100,,1436,9,,,0,100,,1437,9,,,0,100,,1438,9,,,0,100,,1439,9,,,0
1500,'4795',650,,342,8,,,0,100,,355,9,,,0,70,,338,9,,,0,11,,379,9,,,0,70,,368,9,,,0,19,,340,9,,,0,11,,367,9,,,0,19,,358,9,,,0,51,,363,9,,,0,30,,377,9,,,0,19,,345,9,,,0,51,,362,9,,,0,19,,339,9,,,0,11,,374,9,,,0,70,,365,9,,,0,19,,341,9,,,0,11,,375,9,,,0,19,,347,9,,,0,51,,364,9,,,0,30,,378,9,,,0,19,,348,9,,,0,51,,371,9,,,0,19,,343,9,,,0,11,,370,9,,,0,70,,361,9,,,0,19,,357,9,,,0,11,,373,9,,,0,19,,346,9,,,0,51,,360,9,,,0,30,,372,9,,,0,19,,349,9,,,0,51,,359,9,,,0,19,,356,9,,,0,11,,366,9,,,0,70,,369,9,,,0,19,,344,9,,,0,11,,376,9,,,0,19,,350,9,,,0,100,,352,9,,,0,70,,354,9,,,0,100,,353,9,,,0,30,,351,9,,,0
1500,'4796',720,,380,9,,,0,130,,390,9,,,0,170,,382,9,,,0,130,,383,9,,,0,170,,381,9,,,0,130,,385,9,,,0,170,,389,9,,,0,130,,384,9,,,0,170,,387,9,,,0,130,,388,9,,,0,170,,386,9,,,0
1500,'4799',720,,391,9,,,0,130,,401,9,,,0,170,,393,9,,,0,130,,394,9,,,0,170,,392,9,,,0,130,,396,9,,,0,170,,400,9,,,0,130,,395,9,,,0,170,,398,9,,,0,130,,399,9,,,0,170,,397,9,,,0,103,,405,11,0,16 18,0,100,,404,11,0,16 18,0,100,,403,11,0,16 18,0,100,,402,11,0,16 18,0
1500,'4800',720,,433,9,,,0,100,,406,9,,,0,100,,407,9,,,0,100,,410,9,,,0,30,,409,9,,,0,70,,408,9,,,0,30,,412,9,,,0,70,,413,9,,,0,30,,414,9,,,0,70,,411,9,,,0,30,,419,9,,,0,70,,420,9,,,0,30,,417,9,,,0,70,,415,9,,,0,30,,422,9,,,0,70,,423,9,,,0,29,,421,9,,,0,71,,416,9,,,0,30,,424,9,,,0,70,,418,9,,,0,30,,434,9,,,0,70,,426,9,,,0,100,,427,9,,,0,100,,428,9,,,0,100,,425,9,,,0,103,,431,11,0,16 18,0,100,,432,11,0,16 18,0,100,,429,11,0,16 18,0,100,,430,11,0,16 18,0
1500,'5102',650,,1453,8,,,0,70,,1470,9,,,0,30,,1467,9,,,0,70,,1449,9,,,0,30,,1480,9,,,0,70,,1451,9,,,0,30,,1466,9,,,0,70,,1472,9,,,0,30,,1456,9,,,0,70,,1450,9,,,0,30,,1473,9,,,0,70,,1452,9,,,0,30,,1458,9,,,0,70,,1471,9,,,0,30,,1459,9,,,0,70,,1454,9,,,0,30,,1475,9,,,0,70,,1469,9,,,0,30,,1457,9,,,0,70,,1479,9,,,0,30,,1460,9,,,0,70,,1468,9,,,0,30,,1474,9,,,0,70,,1455,9,,,0,30,,1461,9,,,0,70,,1477,9,,,0,30,,1463,9,,,0,70,,1465,9,,,0,30,,1478,9,,,0,70,,1464,9,,,0,30,,1462,9,,,0,70,,1476,9,,,0
1500,'5105',720,,1504,9,,,0,100,,1481,9,,,0,100,,1482,9,,,0,100,,1485,9,,,0,30,,1484,9,,,0,70,,1483,9,,,0,30,,1487,9,,,0,70,,1488,9,,,0,30,,1489,9,,,0,70,,1486,9,,,0,30,,1494,9,,,0,70,,1495,9,,,0,30,,1492,9,,,0,70,,1490,9,,,0,30,,1497,9,,,0,70,,1498,9,,,0,29,,1496,9,,,0,71,,1491,9,,,0,30,,1499,9,,,0,70,,1493,9,,,0,30,,1505,9,,,0,70,,1501,9,,,0,100,,1502,9,,,0,100,,1503,9,,,0,100,,1500,9,,,0
4600,'4327',919,,1672,10,,,0,100,,1673,10,,,0,100,,1664,10,,,0,100,,1666,10,,,0,100,,1668,10,,,0,100,,1663,10,,,0,100,,1670,10,,,0,100,,1671,10,,,0,100,,1667,10,,,0,100,,1669,10,,,0,100,,1665,10,,,0
4600,'4795',747,,662,10,,,0,101,,663,10,,,0,99,,664,10,,,0,100,,666,10,,,0,100,,665,10,,,0,100,,667,10,,,0,100,,668,10,,,0,100,,655,10,,,0,100,,656,10,,,0,100,,657,10,,,0,100,,658,10,,,0,100,,659,10,,,0,99,,661,10,,,0,100,,660,10,,,0
4600,'4800',819,,669,10,,,0,100,,678,10,,,0,100,,682,10,,,0,100,,674,10,,,0,100,,671,10,,,0,100,,675,10,,,0,100,,677,10,,,0,100,,679,10,,,0,100,,672,10,,,0,100,,680,10,,,0,100,,676,10,,,0,100,,670,10,,,0,100,,681,10,,,0,100,,673,10,0,19,0
4600,'5102',747,,1681,10,,,0,101,,1682,10,,,0,99,,1683,10,,,0,100,,1685,10,,,0,100,,1684,10,,,0,100,,1686,10,,,0,100,,1687,10,,,0,100,,1674,10,,,0,100,,1675,10,,,0,100,,1676,10,,,0,100,,1677,10,,,0,100,,1678,10,,,0,99,,1680,10,,,0,100,,1679,10,,,0
4600,'5105',819,,1688,10,,,0,100,,1697,10,,,0,100,,1701,10,,,0,100,,1693,10,,,0,100,,1690,10,,,0,100,,1694,10,,,0,100,,1696,10,,,0,100,,1698,10,,,0,100,,1691,10,,,0,100,,1699,10,,,0,100,,1695,10,,,0,100,,1689,10,,,0,100,,1700,10,,,0,100,,1692,10,0,19,0
