1500,'4327',727,,1448,16,,,0,100,,1435,16,,,0,100,,1430,16,,,0,100,,1425,16,,,0,30,,1440,16,,,0,70,,1426,16,,,0,30,,1441,16,,,0,70,,1427,16,,,0,30,,1442,16,,,0,70,,1428,16,,,0,30,,1443,16,,,0,70,,1429,16,,,0,30,,1444,16,,,0,70,,1431,16,,,0,30,,1445,16,,,0,70,,1432,16,,,0,29,,1446,16,,,0,71,,1433,16,,,0,30,,1447,16,,,0,70,,1434,16,,,0,100,,1436,16,,,0,100,,1437,16,,,0,100,,1438,16,,,0,100,,1439,16,,,0
1500,'4795',657,,342,15,,,0,100,,355,16,,,0,70,,338,16,,,0,11,,379,16,,,0,70,,368,16,,,0,19,,340,16,,,0,11,,367,16,,,0,19,,358,16,,,0,51,,363,16,,,0,30,,377,16,,,0,19,,345,16,,,0,51,,362,16,,,0,19,,339,16,,,0,11,,374,16,,,0,70,,365,16,,,0,19,,341,16,,,0,11,,375,16,,,0,19,,347,16,,,0,51,,364,16,,,0,30,,378,16,,,0,19,,348,16,,,0,51,,371,16,,,0,19,,343,16,,,0,11,,370,16,,,0,70,,361,16,,,0,19,,357,16,,,0,11,,373,16,,,0,19,,346,16,,,0,51,,360,16,,,0,30,,372,16,,,0,19,,349,16,,,0,51,,359,16,,,0,19,,356,16,,,0,11,,366,16,,,0,70,,369,16,,,0,19,,344,16,,,0,11,,376,16,,,0,19,,350,16,,,0,100,,352,16,,,0,70,,354,16,,,0,100,,353,16,,,0,30,,351,16,,,0
1500,'4796',727,,380,16,,,0,130,,390,16,,,0,170,,382,16,,,0,130,,383,16,,,0,170,,381,16,,,0,130,,385,16,,,0,170,,389,16,,,0,130,,384,16,,,0,170,,387,16,,,0,130,,388,16,,,0,170,,386,16,,,0
1500,'4799',727,,391,16,,,0,130,,401,16,,,0,170,,393,16,,,0,130,,394,16,,,0,170,,392,16,,,0,130,,396,16,,,0,170,,400,16,,,0,130,,395,16,,,0,170,,398,16,,,0,130,,399,16,,,0,170,,397,16,,,0,99,,405,18,0,16 18,0,100,,404,18,0,16 18,0,100,,403,18,0,16 18,0,100,,402,18,0,16 18,0
1500,'4800',727,,433,16,,,0,100,,406,16,,,0,100,,407,16,,,0,100,,410,16,,,0,30,,409,16,,,0,70,,408,16,,,0,30,,412,16,,,0,70,,413,16,,,0,30,,414,16,,,0,70,,411,16,,,0,30,,419,16,,,0,70,,420,16,,,0,30,,417,16,,,0,70,,415,16,,,0,30,,422,16,,,0,70,,423,16,,,0,29,,421,16,,,0,71,,416,16,,,0,30,,424,16,,,0,70,,418,16,,,0,30,,434,16,,,0,70,,426,16,,,0,100,,427,16,,,0,100,,428,16,,,0,100,,425,16,,,0,99,,431,18,0,16 18,0,100,,432,18,0,16 18,0,100,,429,18,0,16 18,0,100,,430,18,0,16 18,0
1500,'5102',657,,1453,15,,,0,70,,1470,16,,,0,30,,1467,16,,,0,70,,1449,16,,,0,30,,1480,16,,,0,70,,1451,16,,,0,30,,1466,16,,,0,70,,1472,16,,,0,30,,1456,16,,,0,70,,1450,16,,,0,30,,1473,16,,,0,70,,1452,16,,,0,30,,1458,16,,,0,70,,1471,16,,,0,30,,1459,16,,,0,70,,1454,16,,,0,30,,1475,16,,,0,70,,1469,16,,,0,30,,1457,16,,,0,70,,1479,16,,,0,30,,1460,16,,,0,70,,1468,16,,,0,30,,1474,16,,,0,70,,1455,16,,,0,30,,1461,16,,,0,70,,1477,16,,,0,30,,1463,16,,,0,70,,1465,16,,,0,30,,1478,16,,,0,70,,1464,16,,,0,30,,1462,16,,,0,70,,1476,16,,,0
1500,'5105',727,,1504,16,,,0,100,,1481,16,,,0,100,,1482,16,,,0,100,,1485,16,,,0,30,,1484,16,,,0,70,,1483,16,,,0,30,,1487,16,,,0,70,,1488,16,,,0,30,,1489,16,,,0,70,,1486,16,,,0,30,,1494,16,,,0,70,,1495,16,,,0,30,,1492,16,,,0,70,,1490,16,,,0,30,,1497,16,,,0,70,,1498,16,,,0,29,,1496,16,,,0,71,,1491,16,,,0,30,,1499,16,,,0,70,,1493,16,,,0,30,,1505,16,,,0,70,,1501,16,,,0,100,,1502,16,,,0,100,,1503,16,,,0,100,,1500,16,,,0
4600,'4327',926,,1672,19,,,0,100,,1673,19,,,0,100,,1664,19,,,0,100,,1666,19,,,0,100,,1668,19,,,0,100,,1663,19,,,0,100,,1670,19,,,0,100,,1671,19,,,0,100,,1667,19,,,0,100,,1669,19,,,0,100,,1665,19,,,0
4600,'4795',754,,662,19,,,0,101,,663,19,,,0,99,,664,19,,,0,100,,666,19,,,0,100,,665,19,,,0,100,,667,19,,,0,100,,668,19,,,0,100,,655,19,,,0,100,,656,19,,,0,100,,657,19,,,0,100,,658,19,,,0,100,,659,19,,,0,99,,661,19,,,0,100,,660,19,,,0
4600,'4800',826,,669,19,,,0,100,,678,19,,,0,100,,682,19,,,0,100,,674,19,,,0,100,,671,19,,,0,100,,675,19,,,0,100,,677,19,,,0,100,,679,19,,,0,100,,672,19,,,0,100,,680,19,,,0,100,,676,19,,,0,100,,670,19,,,0,100,,681,19,,,0
4600,'5102',754,,1681,19,,,0,101,,1682,19,,,0,99,,1683,19,,,0,100,,1685,19,,,0,100,,1684,19,,,0,100,,1686,19,,,0,100,,1687,19,,,0,100,,1674,19,,,0,100,,1675,19,,,0,100,,1676,19,,,0,100,,1677,19,,,0,100,,1678,19,,,0,99,,1680,19,,,0,100,,1679,19,,,0
4600,'5105',826,,1688,19,,,0,100,,1697,19,,,0,100,,1701,19,,,0,100,,1693,19,,,0,100,,1690,19,,,0,100,,1694,19,,,0,100,,1696,19,,,0,100,,1698,19,,,0,100,,1691,19,,,0,100,,1699,19,,,0,100,,1695,19,,,0,100,,1689,19,,,0,100,,1700,19,,,0
4700,'4795',733,,735,31,,,0,103,,723,31,,,0,99,,733,31,,,0,100,,729,31,,,0,100,,732,31,,,0,100,,734,31,,,0,100,,722,31,,,0,100,,731,31,,,0,101,,724,31,,,0,100,,730,31,,,0,99,,726,31,,,0,98,,727,31,,,0,100,,728,31,,,0,100,,725,31,,,0
4700,'5102',733,,1754,31,,,0,103,,1742,31,,,0,99,,1752,31,,,0,100,,1748,31,,,0,100,,1751,31,,,0,100,,1753,31,,,0,100,,1741,31,,,0,100,,1750,31,,,0,101,,1743,31,,,0,100,,1749,31,,,0,99,,1745,31,,,0,98,,1746,31,,,0,100,,1747,31,,,0,100,,1744,31,,,0
