1601,'4327',940,,1585,6,,,0,100,,1586,6,,,0,100,,1587,6,,,0,100,,1589,6,,,0,100,,1590,6,,,0,100,,1591,6,,,0,100,,1588,6,,,0,100,,1592,6,,,0,100,,1593,6,,,0
1601,'4795',709,,565,6,,,0,30,,566,6,,,0,100,,567,6,,,0,70,,574,6,,,0,100,,575,6,,,0,30,,568,6,,,0,100,,564,6,,,0,70,,577,6,,,0,100,,578,6,,,0,30,,570,6,,,0,100,,571,6,,,0,70,,576,6,,,0,100,,579,6,,,0,30,,569,6,,,0,100,,572,6,,,0,70,,580,6,,,0,100,,581,6,,,0,130,,573,6,,,0
1601,'4796',639,,582,3,0,17,0,170,,588,6,,,0,130,,585,6,,,0,170,,587,6,,,0,130,,583,6,,,0,170,,590,6,,,0,130,,584,6,,,0,170,,591,6,,,0,130,,589,6,,,0,170,,592,6,,,0,130,,586,6,,,0
1601,'4799',639,,593,3,0,17,0,170,,599,6,,,0,130,,596,6,,,0,170,,598,6,,,0,130,,594,6,,,0,170,,601,6,,,0,130,,595,6,,,0,170,,602,6,,,0,130,,600,6,,,0,170,,603,6,,,0,130,,597,6,,,0
1601,'4800',744,,606,3,0,17,0,95,,607,6,,,0,100,,605,6,,,0,70,,620,6,,,0,30,,604,6,,,0,70,,622,6,,,0,30,,612,6,,,0,70,,623,6,,,0,30,,613,6,,,0,70,,624,6,,,0,30,,608,6,,,0,70,,621,6,,,0,30,,610,6,,,0,70,,625,6,,,0,30,,614,6,,,0,70,,626,6,,,0,30,,615,6,,,0,100,,616,6,,,0,100,,609,6,,,0,100,,617,6,,,0,100,,618,6,,,0,100,,619,6,,,0,71,,611,6,,,0
1601,'5102',639,,1612,3,0,17,0,70,,1595,6,,,0,30,,1596,6,,,0,70,,1618,6,,,0,30,,1597,6,,,0,70,,1604,6,,,0,30,,1615,6,,,0,70,,1605,6,,,0,30,,1598,6,,,0,70,,1616,6,,,0,30,,1594,6,,,0,70,,1607,6,,,0,30,,1613,6,,,0,70,,1608,6,,,0,30,,1600,6,,,0,70,,1620,6,,,0,30,,1601,6,,,0,70,,1606,6,,,0,30,,1614,6,,,0,70,,1609,6,,,0,30,,1599,6,,,0,70,,1621,6,,,0,30,,1602,6,,,0,70,,1610,6,,,0,30,,1619,6,,,0,70,,1611,6,,,0,100,,1622,6,,,0,30,,1603,6,,,0,100,,1617,6,,,0
1601,'5105',744,,1625,3,0,17,0,95,,1626,6,,,0,100,,1624,6,,,0,70,,1639,6,,,0,30,,1623,6,,,0,70,,1641,6,,,0,30,,1631,6,,,0,70,,1642,6,,,0,30,,1632,6,,,0,70,,1643,6,,,0,30,,1627,6,,,0,70,,1640,6,,,0,30,,1629,6,,,0,70,,1644,6,,,0,30,,1633,6,,,0,70,,1645,6,,,0,30,,1634,6,,,0,100,,1635,6,,,0,100,,1628,6,,,0,100,,1636,6,,,0,100,,1637,6,,,0,100,,1638,6,,,0,71,,1630,6,,,0
1900,'4327',909,,1654,6,,,0,100,,1646,6,,,0,100,,1647,6,,,0,100,,1648,6,,,0,100,,1649,6,,,0,100,,1650,6,,,0,100,,1651,6,,,0,100,,1652,6,,,0,100,,1653,6,,,0,100,,1655,6,,,0
1900,'4800',809,,637,6,,,0,100,,638,6,,,0,800,,639,6,,,0,100,,641,6,,,0,100,,640,6,,,0,100,,642,6,,,0,100,,643,6,,,0
1900,'5105',809,,1656,6,,,0,100,,1657,6,,,0,800,,1658,6,,,0,100,,1660,6,,,0,100,,1659,6,,,0,100,,1661,6,,,0,100,,1662,6,,,0
8801,'4327',739,,1871,37,,,0,100,,1870,37,,,0,100,,1866,37,,,0,100,,1860,37,,,0,100,,1861,37,,,0,70,,1880,37,,,0,30,,1862,37,,,0,70,,1879,37,,,0,30,,1863,37,,,0,70,,1876,37,,,0,30,,1864,37,,,0,70,,1877,37,,,0,30,,1859,37,,,0,70,,1878,37,,,0,30,,1865,37,,,0,70,,1881,37,,,0,30,,1867,37,,,0,100,,1868,37,,,0,100,,1869,37,,,0,100,,1872,37,,,0,100,,1873,37,,,0,100,,1874,37,,,0
8801,'4795',709,,894,37,,,0,30,,887,37,,,0,70,,896,37,,,0,22,,882,37,,,0,20,,888,37,,,0,58,,893,37,,,0,23,,886,37,,,0,19,,889,37,,,0,58,,895,37,,,0,30,,866,37,,,0,70,,875,37,,,0,30,,881,37,,,0,70,,897,37,,,0,30,,867,37,,,0,70,,876,37,,,0,30,,884,37,,,0,70,,880,37,,,0,30,,865,37,,,0,70,,874,37,,,0,18,,898,37,,,0,20,,883,37,,,0,62,,890,37,,,0,18,,878,37,,,0,20,,872,37,,,0,62,,868,37,,,0,18,,899,37,,,0,20,,892,37,,,0,62,,891,37,,,0,30,,873,37,,,0,70,,871,37,,,0,30,,879,37,,,0,70,,885,37,,,0,100,,869,37,,,0,100,,877,37,,,0
8801,'4800',739,,900,37,,,0,70,,924,37,,,0,30,,902,37,,,0,70,,923,37,,,0,30,,904,37,,,0,70,,919,37,,,0,30,,905,37,,,0,70,,921,37,,,0,30,,901,37,,,0,70,,920,37,,,0,30,,907,37,,,0,70,,922,37,,,0,30,,908,37,,,0,70,,917,37,,,0,30,,906,37,,,0,70,,927,37,,,0,30,,909,37,,,0,70,,918,37,,,0,30,,910,37,,,0,70,,925,37,,,0,30,,903,37,,,0,70,,926,37,,,0,30,,912,37,,,0,100,,913,37,,,0,100,,914,37,,,0,100,,911,37,,,0,100,,915,37,,,0
8801,'5102',709,,1911,37,,,0,30,,1904,37,,,0,70,,1913,37,,,0,22,,1899,37,,,0,20,,1905,37,,,0,58,,1910,37,,,0,23,,1903,37,,,0,19,,1906,37,,,0,58,,1912,37,,,0,30,,1884,37,,,0,70,,1892,37,,,0,30,,1898,37,,,0,70,,1914,37,,,0,30,,1885,37,,,0,70,,1893,37,,,0,30,,1901,37,,,0,70,,1897,37,,,0,30,,1882,37,,,0,70,,1891,37,,,0,18,,1915,37,,,0,20,,1900,37,,,0,62,,1907,37,,,0,18,,1895,37,,,0,20,,1889,37,,,0,62,,1883,37,,,0,18,,1916,37,,,0,20,,1909,37,,,0,62,,1908,37,,,0,30,,1890,37,,,0,70,,1888,37,,,0,30,,1896,37,,,0,70,,1902,37,,,0,100,,1886,37,,,0,100,,1894,37,,,0
8801,'5105',739,,1917,37,,,0,70,,1941,37,,,0,30,,1919,37,,,0,70,,1940,37,,,0,30,,1921,37,,,0,70,,1936,37,,,0,30,,1922,37,,,0,70,,1938,37,,,0,30,,1918,37,,,0,70,,1937,37,,,0,30,,1924,37,,,0,70,,1939,37,,,0,30,,1925,37,,,0,70,,1934,37,,,0,30,,1923,37,,,0,70,,1944,37,,,0,30,,1926,37,,,0,70,,1935,37,,,0,30,,1927,37,,,0,70,,1942,37,,,0,30,,1920,37,,,0,70,,1943,37,,,0,30,,1929,37,,,0,100,,1930,37,,,0,100,,1931,37,,,0,100,,1928,37,,,0,100,,1932,37,,,0
