1001,'4327',949,,1329,3,,,0,100,,1330,3,,,0,100,,1331,3,,,0,100,,1332,3,,,0,100,,1334,3,,,0,100,,1333,3,,,0,100,,1335,3,,,0,100,,1336,3,,,0,100,,1337,3,,,0,100,,1338,3,,,0
1001,'4795',649,,255,3,,,0,70,,242,3,,,0,30,,243,3,,,0,72,,233,3,,,0,28,,229,3,,,0,70,,247,3,,,0,30,,236,3,,,0,70,,228,3,,,0,30,,250,3,,,0,70,,237,3,,,0,30,,253,3,,,0,70,,238,3,,,0,30,,254,3,,,0,70,,251,3,,,0,30,,230,3,,,0,70,,231,3,,,0,30,,256,3,,,0,70,,239,3,,,0,30,,244,3,,,0,70,,232,3,,,0,30,,240,3,,,0,70,,248,3,,,0,30,,234,3,,,0,70,,246,3,,,0,30,,241,3,,,0,70,,235,3,,,0,30,,252,3,,,0,100,,245,3,,,0,100,,249,3,,,0
1001,'4800',749,,257,3,,,0,70,,258,3,,,0,30,,262,3,,,0,70,,261,3,,,0,30,,260,3,,,0,70,,259,3,,,0,30,,263,3,,,0,70,,264,3,,,0,30,,265,3,,,0,70,,267,3,,,0,30,,266,3,,,0,70,,268,3,,,0,30,,270,3,,,0,70,,269,3,,,0,30,,271,3,,,0,70,,272,3,,,0,30,,273,3,,,0,70,,275,3,,,0,30,,274,3,,,0,70,,277,3,,,0,30,,276,3,,,0,100,,278,3,,,0,100,,279,3,,,0,100,,280,3,,,0
1001,'5102',649,,1366,3,,,0,70,,1353,3,,,0,30,,1354,3,,,0,72,,1344,3,,,0,28,,1340,3,,,0,70,,1358,3,,,0,30,,1347,3,,,0,70,,1339,3,,,0,30,,1361,3,,,0,70,,1348,3,,,0,30,,1364,3,,,0,70,,1349,3,,,0,30,,1365,3,,,0,70,,1362,3,,,0,30,,1341,3,,,0,70,,1343,3,,,0,30,,1367,3,,,0,70,,1350,3,,,0,30,,1355,3,,,0,70,,1342,3,,,0,30,,1351,3,,,0,70,,1359,3,,,0,30,,1345,3,,,0,70,,1357,3,,,0,30,,1352,3,,,0,70,,1346,3,,,0,30,,1363,3,,,0,100,,1356,3,,,0,100,,1360,3,,,0
1001,'5105',749,,1368,3,,,0,70,,1369,3,,,0,30,,1373,3,,,0,70,,1372,3,,,0,30,,1371,3,,,0,70,,1370,3,,,0,30,,1374,3,,,0,70,,1375,3,,,0,30,,1376,3,,,0,70,,1378,3,,,0,30,,1377,3,,,0,70,,1379,3,,,0,30,,1381,3,,,0,70,,1380,3,,,0,30,,1382,3,,,0,70,,1383,3,,,0,30,,1384,3,,,0,70,,1386,3,,,0,30,,1385,3,,,0,70,,1388,3,,,0,30,,1387,3,,,0,100,,1389,3,,,0,100,,1390,3,,,0,100,,1391,3,,,0
1501,'4327',639,,1529,3,,,0,100,,1517,3,,,0,100,,1515,3,,,0,100,,1506,3,,,0,100,,1507,3,,,0,70,,1522,3,,,0,30,,1508,3,,,0,70,,1523,3,,,0,30,,1509,3,,,0,70,,1524,3,,,0,30,,1510,3,,,0,70,,1525,3,,,0,30,,1511,3,,,0,70,,1526,3,,,0,30,,1512,3,,,0,70,,1527,3,,,0,30,,1513,3,,,0,70,,1528,3,,,0,30,,1514,3,,,0,100,,1516,3,,,0,100,,1518,3,,,0,100,,1519,3,,,0,100,,1520,3,,,0,100,,1521,3,,,0
1501,'4795',639,,471,3,,,0,70,,475,3,,,0,45,,480,3,,,0,55,,478,3,,,0,15,,500,3,,,0,15,,465,3,,,0,15,,491,3,,,0,70,,490,3,,,0,15,,466,3,,,0,15,,496,3,,,0,55,,459,3,,,0,15,,487,3,,,0,30,,485,3,,,0,55,,460,3,,,0,15,,493,3,,,0,15,,467,3,,,0,15,,488,3,,,0,70,,492,3,,,0,15,,468,3,,,0,15,,495,3,,,0,55,,461,3,,,0,15,,498,3,,,0,30,,499,3,,,0,55,,462,3,,,0,15,,482,3,,,0,15,,469,3,,,0,15,,489,3,,,0,70,,479,3,,,0,15,,477,3,,,0,15,,486,3,,,0,55,,463,3,,,0,15,,484,3,,,0,30,,497,3,,,0,55,,464,3,,,0,15,,483,3,,,0,15,,476,3,,,0,15,,494,3,,,0,70,,481,3,,,0,15,,470,3,,,0,70,,474,3,,,0,100,,473,3,,,0,200,,472,3,,,0
1501,'4796',739,,502,3,,,0,170,,509,3,,,0,130,,505,3,,,0,170,,508,3,,,0,130,,506,3,,,0,170,,507,3,,,0,130,,510,3,,,0,170,,501,3,,,0,130,,504,3,,,0,170,,503,3,,,0
1501,'4799',739,,512,3,,,0,170,,519,3,,,0,130,,515,3,,,0,170,,518,3,,,0,130,,516,3,,,0,170,,517,3,,,0,130,,520,3,,,0,170,,511,3,,,0,130,,514,3,,,0,170,,513,3,,,0,128,,525,3,0,16 17,0,100,,524,3,0,16 17,0,100,,523,3,0,16 17,0,100,,522,3,0,16 17,0,100,,521,3,0,16 17,0
1501,'4800',639,,553,3,,,0,100,,526,3,,,0,100,,527,3,,,0,100,,529,3,,,0,100,,530,3,,,0,70,,528,3,,,0,30,,532,3,,,0,70,,531,3,,,0,30,,536,3,,,0,70,,533,3,,,0,30,,534,3,,,0,70,,538,3,,,0,30,,535,3,,,0,70,,539,3,,,0,30,,537,3,,,0,70,,540,3,,,0,30,,541,3,,,0,70,,542,3,,,0,30,,543,3,,,0,70,,554,3,,,0,30,,545,3,,,0,100,,547,3,,,0,100,,544,3,,,0,100,,548,3,,,0,100,,546,3,,,0,98,,549,3,0,16 17,0,100,,550,3,0,16 17,0,100,,551,3,0,16 17,0,100,,552,3,0,16 17,0
1501,'5102',639,,1542,3,,,0,70,,1546,3,,,0,30,,1551,3,,,0,70,,1549,3,,,0,30,,1536,3,,,0,70,,1558,3,,,0,30,,1537,3,,,0,70,,1530,3,,,0,30,,1554,3,,,0,70,,1531,3,,,0,30,,1538,3,,,0,70,,1557,3,,,0,30,,1539,3,,,0,70,,1532,3,,,0,30,,1555,3,,,0,70,,1533,3,,,0,30,,1540,3,,,0,70,,1556,3,,,0,30,,1548,3,,,0,70,,1534,3,,,0,30,,1559,3,,,0,70,,1535,3,,,0,30,,1547,3,,,0,70,,1550,3,,,0,30,,1541,3,,,0,70,,1545,3,,,0,30,,1553,3,,,0,70,,1544,3,,,0,100,,1552,3,,,0,100,,1543,3,,,0
1501,'5105',639,,1583,3,,,0,100,,1560,3,,,0,100,,1561,3,,,0,100,,1563,3,,,0,100,,1564,3,,,0,70,,1562,3,,,0,30,,1566,3,,,0,70,,1565,3,,,0,30,,1570,3,,,0,70,,1567,3,,,0,30,,1568,3,,,0,70,,1572,3,,,0,30,,1569,3,,,0,70,,1573,3,,,0,30,,1571,3,,,0,70,,1574,3,,,0,30,,1575,3,,,0,70,,1576,3,,,0,30,,1577,3,,,0,70,,1584,3,,,0,30,,1579,3,,,0,100,,1581,3,,,0,100,,1578,3,,,0,100,,1582,3,,,0,100,,1580,3,,,0
4701,'4795',744,,744,3,,,0,100,,745,3,,,0,100,,748,3,,,0,100,,743,3,,,0,100,,746,3,,,0,100,,747,3,,,0,100,,736,3,,,0,100,,741,3,,,0,100,,739,3,,,0,100,,738,3,,,0,100,,742,3,,,0,100,,737,3,,,0,100,,740,3,,,0
4701,'5102',744,,1763,3,,,0,100,,1764,3,,,0,100,,1767,3,,,0,100,,1762,3,,,0,100,,1765,3,,,0,100,,1766,3,,,0,100,,1755,3,,,0,100,,1760,3,,,0,100,,1758,3,,,0,100,,1757,3,,,0,100,,1761,3,,,0,100,,1756,3,,,0,100,,1759,3,,,0
