500,'4327',740,,1166,4,,,0,98,,1160,4,,,0,100,,1165,4,,,0,100,,1164,4,,,0,100,,1167,4,,,0,100,,1161,4,,,0,100,,1162,4,,,0,100,,1163,4,,,0,100,,1174,4,,,0,100,,1173,4,,,0,100,,1172,4,,,0,100,,1171,4,,,0,100,,1170,4,,,0,100,,1168,4,,,0,100,,1169,4,,,0
500,'4795',710,,66,4,,,0,28,,75,4,,,0,65,,65,4,,,0,35,,76,4,,,0,65,,64,4,,,0,35,,77,4,,,0,100,,81,4,,,0,100,,82,4,,,0,100,,78,4,,,0,100,,79,4,,,0,100,,80,4,,,0,100,,70,4,,,0,70,,84,4,,,0,30,,68,4,,,0,70,,67,4,,,0,30,,69,4,,,0,70,,85,4,,,0,30,,72,4,,,0,100,,73,4,,,0,100,,71,4,,,0,100,,74,4,,,0,100,,83,4,,,0
500,'4800',740,,87,4,,,0,98,,91,4,,,0,100,,88,4,,,0,100,,95,4,,,0,100,,86,4,,,0,100,,96,4,,,0,100,,100,4,,,0,100,,99,4,,,0,100,,89,4,,,0,100,,97,4,,,0,100,,98,4,,,0,100,,93,4,,,0,100,,94,4,,,0,100,,92,4,,,0,100,,90,4,,,0
500,'5102',710,,1177,4,,,0,28,,1186,4,,,0,65,,1176,4,,,0,35,,1187,4,,,0,65,,1175,4,,,0,35,,1188,4,,,0,100,,1192,4,,,0,100,,1193,4,,,0,100,,1189,4,,,0,100,,1190,4,,,0,100,,1191,4,,,0,100,,1181,4,,,0,70,,1195,4,,,0,30,,1179,4,,,0,70,,1178,4,,,0,30,,1180,4,,,0,70,,1196,4,,,0,30,,1184,4,,,0,100,,1182,4,,,0,100,,1183,4,,,0,100,,1185,4,,,0,100,,1194,4,,,0
500,'5105',740,,1198,4,,,0,98,,1202,4,,,0,100,,1199,4,,,0,100,,1206,4,,,0,100,,1197,4,,,0,100,,1207,4,,,0,100,,1211,4,,,0,100,,1210,4,,,0,100,,1200,4,,,0,100,,1208,4,,,0,100,,1209,4,,,0,100,,1204,4,,,0,100,,1205,4,,,0,100,,1203,4,,,0,100,,1201,4,,,0
4700,'4795',709,,735,4,,,0,100,,723,4,,,0,100,,733,4,,,0,100,,729,4,,,0,100,,732,4,,,0,100,,734,4,,,0,100,,722,4,,,0,100,,731,4,,,0,100,,724,4,,,0,100,,730,4,,,0,100,,726,4,,,0,100,,727,4,,,0,100,,728,4,,,0,100,,725,4,,,0
4700,'5102',709,,1754,4,,,0,100,,1742,4,,,0,100,,1752,4,,,0,100,,1748,4,,,0,100,,1751,4,,,0,100,,1753,4,,,0,100,,1741,4,,,0,100,,1750,4,,,0,100,,1743,4,,,0,100,,1749,4,,,0,100,,1745,4,,,0,100,,1746,4,,,0,100,,1747,4,,,0,100,,1744,4,,,0
5500,'4327',902,,1772,4,0,18,0,100,,1778,4,0,18,0,100,,1769,4,0,18,0,100,,1771,4,0,18,0,100,,1773,4,0,18,0,100,,1768,4,0,18,0,100,,1774,4,0,18,0,100,,1770,4,0,18,0,100,,1777,4,0,18,0,100,,1776,4,0,18,0,100,,1775,4,0,18,0
5500,'4795',731,,785,4,0,18,0,80,,781,4,0,18,0,20,,787,4,0,18,0,80,,782,4,0,18,0,20,,793,4,0,18,0,100,,771,4,0,18,0,100,,763,4,0,18,0,100,,795,4,0,18,0,100,,794,4,0,18,0,100,,778,4,0,18,0,99,,783,4,0,18,0,72,,799,4,0,18,0,31,,766,4,0,18,0,72,,780,4,0,18,0,29,,768,4,0,18,0,72,,797,4,0,18,0,28,,769,4,0,18,0,72,,798,4,0,18,0,26,,773,4,0,18,0,100,,777,4,0,18,0
5500,'4800',754,,801,4,0,18,0,148,,802,4,0,18,0,100,,807,4,0,18,0,100,,804,4,0,18,0,100,,806,4,0,18,0,100,,805,4,0,18,0,100,,803,4,0,18,0,100,,814,4,0,18,0,100,,810,4,0,18,0,100,,815,4,0,18,0,100,,811,4,0,18,0,100,,809,4,0,18,0,100,,813,4,0,18,0,100,,808,4,0,18,0,100,,812,4,0,18,0
5500,'5102',731,,1804,4,0,18,0,80,,1801,4,0,18,0,20,,1806,4,0,18,0,80,,1800,4,0,18,0,20,,1812,4,0,18,0,100,,1790,4,0,18,0,100,,1782,4,0,18,0,100,,1814,4,0,18,0,100,,1813,4,0,18,0,100,,1797,4,0,18,0,99,,1802,4,0,18,0,103,,1785,4,0,18,0,72,,1799,4,0,18,0,29,,1787,4,0,18,0,72,,1816,4,0,18,0,28,,1788,4,0,18,0,72,,1817,4,0,18,0,26,,1792,4,0,18,0,100,,1796,4,0,18,0
5500,'5105',754,,1818,4,0,18,0,148,,1819,4,0,18,0,100,,1824,4,0,18,0,100,,1821,4,0,18,0,100,,1823,4,0,18,0,100,,1822,4,0,18,0,100,,1820,4,0,18,0,100,,1831,4,0,18,0,100,,1827,4,0,18,0,100,,1832,4,0,18,0,100,,1828,4,0,18,0,100,,1826,4,0,18,0,100,,1830,4,0,18,0,100,,1825,4,0,18,0,100,,1829,4,0,18,0
