100,'4794',909,,1,10,,,0,100,,2,10,,,0,100,,4,10,,,0,100,,3,10,,,0,100,,5,10,,,0,100,,6,10,,,0,100,,7,10,,,0,100,,9,10,,,0,100,,8,10,,,0,100,,10,10,,,0
100,'4795',609,,32,10,,,0,130,,11,10,,,0,70,,25,10,,,0,30,,18,10,,,0,70,,13,10,,,0,30,,26,10,,,0,70,,20,10,,,0,30,,21,10,,,0,100,,12,10,,,0,100,,31,10,,,0,100,,14,10,,,0,100,,22,10,,,0,100,,15,10,,,0,70,,23,10,,,0,30,,16,10,,,0,70,,29,10,,,0,30,,27,10,,,0,70,,17,10,,,0,100,,24,10,,,0,100,,19,10,,,0,100,,28,10,,,0,100,,30,10,,,0,30,,33,10,,,0
100,'4800',709,,34,10,,,0,100,,35,10,,,0,100,,36,10,,,0,100,,37,10,,,0,100,,38,10,,,0,100,,39,10,,,0,100,,40,10,,,0,100,,41,10,,,0,100,,42,10,,,0,100,,43,10,,,0,100,,44,10,,,0,100,,45,10,,,0,100,,46,10,,,0,100,,48,10,,,0,100,,47,10,,,0
1501,'4794',653,,458,16,,,0,100,,446,16,,,0,100,,444,16,,,0,100,,435,16,,,0,100,,436,16,,,0,70,,451,16,,,0,30,,437,16,,,0,70,,452,16,,,0,30,,438,16,,,0,70,,453,16,,,0,30,,439,16,,,0,70,,454,16,,,0,30,,440,16,,,0,70,,455,16,,,0,30,,441,16,,,0,70,,456,16,,,0,30,,442,16,,,0,70,,457,16,,,0,30,,443,16,,,0,100,,445,16,,,0,100,,447,16,,,0,100,,448,16,,,0,100,,449,16,,,0,100,,450,16,,,0
1501,'4795',653,,471,16,,,0,70,,475,16,,,0,83,,480,16,,,0,17,,478,16,,,0,13,,500,16,,,0,17,,465,16,,,0,53,,491,16,,,0,30,,490,16,,,0,17,,466,16,,,0,53,,496,16,,,0,17,,459,16,,,0,13,,487,16,,,0,70,,485,16,,,0,17,,460,16,,,0,13,,493,16,,,0,17,,467,16,,,0,53,,488,16,,,0,30,,492,16,,,0,17,,468,16,,,0,53,,495,16,,,0,17,,461,16,,,0,13,,498,16,,,0,70,,499,16,,,0,17,,462,16,,,0,13,,482,16,,,0,17,,469,16,,,0,53,,489,16,,,0,30,,479,16,,,0,17,,477,16,,,0,53,,486,16,,,0,17,,463,16,,,0,13,,484,16,,,0,70,,497,16,,,0,17,,464,16,,,0,13,,483,16,,,0,17,,476,16,,,0,53,,494,16,,,0,30,,481,16,,,0,17,,470,16,,,0,70,,474,16,,,0,100,,473,16,,,0,200,,472,16,,,0
1501,'4796',753,,502,16,,,0,170,,509,16,,,0,130,,505,16,,,0,170,,508,16,,,0,130,,506,16,,,0,170,,507,16,,,0,130,,510,16,,,0,170,,501,16,,,0,130,,504,16,,,0,170,,503,16,,,0
1501,'4799',753,,512,16,,,0,170,,519,16,,,0,130,,515,16,,,0,170,,518,16,,,0,130,,516,16,,,0,170,,517,16,,,0,130,,520,16,,,0,170,,511,16,,,0,130,,514,16,,,0,170,,513,16,,,0,131,,525,17,0,16 17,0,100,,524,17,0,16 17,0,100,,523,17,0,16 17,0,100,,522,17,0,16 17,0,100,,521,17,0,16 17,0
1501,'4800',653,,553,16,,,0,100,,526,16,,,0,100,,527,16,,,0,100,,529,16,,,0,100,,530,16,,,0,70,,528,16,,,0,30,,532,16,,,0,70,,531,16,,,0,30,,536,16,,,0,70,,533,16,,,0,30,,534,16,,,0,70,,538,16,,,0,30,,535,16,,,0,70,,539,16,,,0,30,,537,16,,,0,70,,540,16,,,0,30,,541,16,,,0,70,,542,16,,,0,30,,543,16,,,0,70,,554,16,,,0,30,,545,16,,,0,100,,547,16,,,0,100,,544,16,,,0,100,,548,16,,,0,100,,546,16,,,0,101,,549,17,0,16 17,0,100,,550,17,0,16 17,0,100,,551,17,0,16 17,0,100,,552,17,0,16 17,0
5500,'4795',722,,786,13,0,5 6,0,37,,760,26,0,5 6,0,60,,792,26,0,5 6,0,40,,762,26,0,5 6,0,60,,767,26,0,5 6,0,100,,788,26,0,5 6,0,101,,789,26,0,5 6,0,100,,791,26,0,5 6,0,100,,790,26,0,5 6,0,100,,796,26,0,5 6,0,99,,770,26,0,5 6,0,34,,800,13,0,5 6,0,69,,764,26,0,5 6,0,32,,775,26,0,5 6,0,69,,761,26,0,5 6,0,32,,784,26,0,5 6,0,68,,765,26,0,5 6,0,30,,779,26,0,5 6,0,68,,774,26,0,5 6,0,100,,772,26,0,5 6,0,97,,776,26,0,15,0
5501,'4794',851,,822,27,,,0,100,,824,27,,,0,100,,823,27,,,0,100,,825,27,,,0,100,,818,27,,,0,100,,826,27,,,0,100,,820,27,,,0,100,,817,27,,,0,100,,816,27,,,0,100,,821,27,,,0,100,,819,27,,,0
5501,'4800',745,,828,13,,,0,106,,830,26,,,0,100,,833,26,,,0,100,,831,26,,,0,100,,829,26,,,0,100,,835,26,,,0,100,,832,26,,,0,100,,834,26,,,0,100,,839,26,,,0,100,,838,26,,,0,100,,836,26,,,0,100,,827,26,,,0,100,,841,26,,,0,100,,840,26,,,0,100,,837,26,,,0
