1500,'4327',722,,1448,12,,,0,100,,1435,12,,,0,100,,1430,12,,,0,100,,1425,12,,,0,30,,1440,12,,,0,70,,1426,12,,,0,30,,1441,12,,,0,70,,1427,12,,,0,30,,1442,12,,,0,70,,1428,12,,,0,30,,1443,12,,,0,70,,1429,12,,,0,30,,1444,12,,,0,70,,1431,12,,,0,30,,1445,12,,,0,70,,1432,12,,,0,29,,1446,12,,,0,71,,1433,12,,,0,30,,1447,12,,,0,70,,1434,12,,,0,100,,1436,12,,,0,100,,1437,12,,,0,100,,1438,12,,,0,100,,1439,12,,,0
1500,'4795',652,,342,11,,,0,100,,355,12,,,0,70,,338,12,,,0,11,,379,12,,,0,70,,368,12,,,0,19,,340,12,,,0,11,,367,12,,,0,19,,358,12,,,0,51,,363,12,,,0,30,,377,12,,,0,19,,345,12,,,0,51,,362,12,,,0,19,,339,12,,,0,11,,374,12,,,0,70,,365,12,,,0,19,,341,12,,,0,11,,375,12,,,0,19,,347,12,,,0,51,,364,12,,,0,30,,378,12,,,0,19,,348,12,,,0,51,,371,12,,,0,19,,343,12,,,0,11,,370,12,,,0,70,,361,12,,,0,19,,357,12,,,0,11,,373,12,,,0,19,,346,12,,,0,51,,360,12,,,0,30,,372,12,,,0,19,,349,12,,,0,51,,359,12,,,0,19,,356,12,,,0,11,,366,12,,,0,70,,369,12,,,0,19,,344,12,,,0,11,,376,12,,,0,19,,350,12,,,0,100,,352,12,,,0,70,,354,12,,,0,100,,353,12,,,0,30,,351,12,,,0
1500,'4796',722,,380,12,,,0,130,,390,12,,,0,170,,382,12,,,0,130,,383,12,,,0,170,,381,12,,,0,130,,385,12,,,0,170,,389,12,,,0,130,,384,12,,,0,170,,387,12,,,0,130,,388,12,,,0,170,,386,12,,,0
1500,'4799',722,,391,12,,,0,130,,401,12,,,0,170,,393,12,,,0,130,,394,12,,,0,170,,392,12,,,0,130,,396,12,,,0,170,,400,12,,,0,130,,395,12,,,0,170,,398,12,,,0,130,,399,12,,,0,170,,397,12,,,0,102,,405,14,0,16 18,0,100,,404,14,0,16 18,0,100,,403,14,0,16 18,0,100,,402,14,0,16 18,0
1500,'4800',722,,433,12,,,0,100,,406,12,,,0,100,,407,12,,,0,100,,410,12,,,0,30,,409,12,,,0,70,,408,12,,,0,30,,412,12,,,0,70,,413,12,,,0,30,,414,12,,,0,70,,411,12,,,0,30,,419,12,,,0,70,,420,12,,,0,30,,417,12,,,0,70,,415,12,,,0,30,,422,12,,,0,70,,423,12,,,0,29,,421,12,,,0,71,,416,12,,,0,30,,424,12,,,0,70,,418,12,,,0,30,,434,12,,,0,70,,426,12,,,0,100,,427,12,,,0,100,,428,12,,,0,100,,425,12,,,0,102,,431,14,0,16 18,0,100,,432,14,0,16 18,0,100,,429,14,0,16 18,0,100,,430,14,0,16 18,0
1500,'5102',652,,1453,11,,,0,70,,1470,12,,,0,30,,1467,12,,,0,70,,1449,12,,,0,30,,1480,12,,,0,70,,1451,12,,,0,30,,1466,12,,,0,70,,1472,12,,,0,30,,1456,12,,,0,70,,1450,12,,,0,30,,1473,12,,,0,70,,1452,12,,,0,30,,1458,12,,,0,70,,1471,12,,,0,30,,1459,12,,,0,70,,1454,12,,,0,30,,1475,12,,,0,70,,1469,12,,,0,30,,1457,12,,,0,70,,1479,12,,,0,30,,1460,12,,,0,70,,1468,12,,,0,30,,1474,12,,,0,70,,1455,12,,,0,30,,1461,12,,,0,70,,1477,12,,,0,30,,1463,12,,,0,70,,1465,12,,,0,30,,1478,12,,,0,70,,1464,12,,,0,30,,1462,12,,,0,70,,1476,12,,,0
1500,'5105',722,,1504,12,,,0,100,,1481,12,,,0,100,,1482,12,,,0,100,,1485,12,,,0,30,,1484,12,,,0,70,,1483,12,,,0,30,,1487,12,,,0,70,,1488,12,,,0,30,,1489,12,,,0,70,,1486,12,,,0,30,,1494,12,,,0,70,,1495,12,,,0,30,,1492,12,,,0,70,,1490,12,,,0,30,,1497,12,,,0,70,,1498,12,,,0,29,,1496,12,,,0,71,,1491,12,,,0,30,,1499,12,,,0,70,,1493,12,,,0,30,,1505,12,,,0,70,,1501,12,,,0,100,,1502,12,,,0,100,,1503,12,,,0,100,,1500,12,,,0
16100,'4798',1115,,1104,31,,,0
16100,'4800',1115,,1105,31,,,0
16100,'5105',1115,,2121,31,,,0
16100,'5122',1115,,2122,31,,,0
