1500,'4327',718,2,1448,6,,,0,100,2,1435,6,,,0,100,2,1430,6,,,0,100,2,1425,6,,,0,30,2,1440,6,,,0,70,2,1426,6,,,0,30,2,1441,6,,,0,70,2,1427,6,,,0,30,2,1442,6,,,0,70,2,1428,6,,,0,30,2,1443,6,,,0,70,2,1429,6,,,0,30,2,1444,6,,,0,70,2,1431,6,,,0,30,2,1445,6,,,0,70,2,1432,6,,,0,29,2,1446,6,,,0,71,2,1433,6,,,0,30,2,1447,6,,,0,70,2,1434,6,,,0,100,2,1436,6,,,0,100,2,1437,6,,,0,100,2,1438,6,,,0,100,2,1439,6,,,0
1500,'4795',648,2,342,5,,,0,100,2,355,6,,,0,70,2,338,6,,,0,11,,379,6,,,0,30,,368,6,,,0,59,2,340,6,,,0,11,,367,6,,,0,19,2,358,6,,,0,11,,363,6,,,0,70,,377,6,,,0,19,2,345,6,,,0,11,,362,6,,,0,59,2,339,6,,,0,11,,374,6,,,0,30,,365,6,,,0,59,2,341,6,,,0,11,,375,6,,,0,19,2,347,6,,,0,11,,364,6,,,0,70,,378,6,,,0,19,2,348,6,,,0,11,,371,6,,,0,59,2,343,6,,,0,11,,370,6,,,0,30,,361,6,,,0,59,2,357,6,,,0,11,,373,6,,,0,19,2,346,6,,,0,11,,360,6,,,0,70,,372,6,,,0,19,2,349,6,,,0,11,,359,6,,,0,59,2,356,6,,,0,11,,366,6,,,0,30,,369,6,,,0,59,2,344,6,,,0,11,,376,6,,,0,19,2,350,6,,,0,100,2,352,6,,,0,70,2,354,6,,,0,100,2,353,6,,,0,30,2,351,6,,,0
1500,'4796',718,2,380,6,,,0,130,2,390,6,,,0,170,2,382,6,,,0,130,2,383,6,,,0,170,2,381,6,,,0,130,2,385,6,,,0,170,2,389,6,,,0,130,2,384,6,,,0,170,2,387,6,,,0,130,2,388,6,,,0,170,2,386,6,,,0
1500,'4799',718,2,391,6,,,0,130,2,401,6,,,0,170,2,393,6,,,0,130,2,394,6,,,0,170,2,392,6,,,0,130,2,396,6,,,0,170,2,400,6,,,0,130,2,395,6,,,0,170,2,398,6,,,0,130,2,399,6,,,0,170,2,397,6,,,0
1500,'4800',718,2,433,6,,,0,100,2,406,6,,,0,100,2,407,6,,,0,100,2,410,6,,,0,30,2,409,6,,,0,70,2,408,6,,,0,30,2,412,6,,,0,70,2,413,6,,,0,30,2,414,6,,,0,70,2,411,6,,,0,30,2,419,6,,,0,70,2,420,6,,,0,30,2,417,6,,,0,70,2,415,6,,,0,30,2,422,6,,,0,70,2,423,6,,,0,29,2,421,6,,,0,71,2,416,6,,,0,30,2,424,6,,,0,70,2,418,6,,,0,30,2,434,6,,,0,70,2,426,6,,,0,100,2,427,6,,,0,100,2,428,6,,,0,100,2,425,6,,,0
1500,'5102',648,2,1453,5,,,0,70,2,1470,6,,,0,30,2,1467,6,,,0,70,2,1449,6,,,0,30,2,1480,6,,,0,70,2,1451,6,,,0,30,2,1466,6,,,0,70,2,1472,6,,,0,30,2,1456,6,,,0,70,2,1450,6,,,0,30,2,1473,6,,,0,70,2,1452,6,,,0,30,2,1458,6,,,0,70,2,1471,6,,,0,30,2,1459,6,,,0,70,2,1454,6,,,0,30,2,1475,6,,,0,70,2,1469,6,,,0,30,2,1457,6,,,0,70,2,1479,6,,,0,30,2,1460,6,,,0,70,2,1468,6,,,0,30,2,1474,6,,,0,70,2,1455,6,,,0,30,2,1461,6,,,0,70,2,1477,6,,,0,30,2,1463,6,,,0,70,2,1465,6,,,0,30,2,1478,6,,,0,70,2,1464,6,,,0,30,2,1462,6,,,0,70,2,1476,6,,,0
1500,'5105',718,2,1504,6,,,0,100,2,1481,6,,,0,100,2,1482,6,,,0,100,2,1485,6,,,0,30,2,1484,6,,,0,70,2,1483,6,,,0,30,2,1487,6,,,0,70,2,1488,6,,,0,30,2,1489,6,,,0,70,2,1486,6,,,0,30,2,1494,6,,,0,70,2,1495,6,,,0,30,2,1492,6,,,0,70,2,1490,6,,,0,30,2,1497,6,,,0,70,2,1498,6,,,0,29,2,1496,6,,,0,71,2,1491,6,,,0,30,2,1499,6,,,0,70,2,1493,6,,,0,30,2,1505,6,,,0,70,2,1501,6,,,0,100,2,1502,6,,,0,100,2,1503,6,,,0,100,2,1500,6,,,0
8900,'4327',818,,1956,22,,,0,100,,1954,22,,,0,100,,1945,22,,,0,100,,1947,22,,,0,100,,1946,22,,,0,30,,1966,22,,,0,70,,1948,22,,,0,30,,1964,22,,,0,70,,1949,22,,,0,30,,1962,22,,,0,70,,1950,22,,,0,30,,1963,22,,,0,70,,1951,22,,,0,30,,1967,22,,,0,70,,1953,22,,,0,100,,1955,22,,,0,100,,1952,22,,,0,100,,1959,22,,,0,100,,1961,22,,,0,100,,1958,22,,,0
8900,'4795',728,,963,22,,,0,20,,980,22,,,0,62,,965,22,,,0,19,,970,22,,,0,19,,979,22,,,0,62,,966,22,,,0,19,,967,22,,,0,19,,953,22,,,0,70,,964,22,,,0,30,,973,22,,,0,70,,952,22,,,0,30,,956,22,,,0,70,,961,22,,,0,30,,977,22,,,0,70,,951,22,,,0,30,,955,22,,,0,70,,962,22,,,0,30,,976,22,,,0,58,,985,22,,,0,19,,954,22,,,0,23,,957,22,,,0,58,,986,22,,,0,19,,968,22,,,0,23,,975,22,,,0,70,,974,22,,,0,30,,960,22,,,0,70,,972,22,,,0,30,,969,22,,,0,70,,982,22,,,0,30,,959,22,,,0,100,,978,22,,,0,100,,958,22,,,0
8900,'4800',748,,1014,22,,,0,70,,987,22,,,0,30,,1013,22,,,0,70,,988,22,,,0,30,,1012,22,,,0,70,,989,22,,,0,30,,1009,22,,,0,70,,990,22,,,0,30,,1008,22,,,0,70,,992,22,,,0,30,,1004,22,,,0,70,,994,22,,,0,30,,1006,22,,,0,70,,991,22,,,0,30,,1007,22,,,0,70,,997,22,,,0,30,,1010,22,,,0,70,,998,22,,,0,30,,1011,22,,,0,70,,993,22,,,0,30,,1015,22,,,0,70,,996,22,,,0,30,,1016,22,,,0,70,,995,22,,,0,100,,999,22,,,0,100,,1000,22,,,0,100,,1001,22,,,0
8900,'5102',728,,1980,22,,,0,20,,1997,22,,,0,62,,1982,22,,,0,19,,1987,22,,,0,19,,1996,22,,,0,62,,1983,22,,,0,19,,1984,22,,,0,19,,1971,22,,,0,70,,1981,22,,,0,30,,1991,22,,,0,70,,1969,22,,,0,30,,1970,22,,,0,70,,1978,22,,,0,30,,1994,22,,,0,70,,1968,22,,,0,30,,1973,22,,,0,70,,1979,22,,,0,30,,1993,22,,,0,58,,2002,22,,,0,19,,1972,22,,,0,23,,1974,22,,,0,58,,2003,22,,,0,19,,1986,22,,,0,23,,1992,22,,,0,70,,1988,22,,,0,30,,1977,22,,,0,70,,1990,22,,,0,30,,1985,22,,,0,70,,1999,22,,,0,30,,1976,22,,,0,100,,1995,22,,,0,100,,1975,22,,,0
8900,'5105',748,,2031,22,,,0,70,,2004,22,,,0,30,,2030,22,,,0,70,,2005,22,,,0,30,,2029,22,,,0,70,,2006,22,,,0,30,,2026,22,,,0,70,,2007,22,,,0,30,,2025,22,,,0,70,,2009,22,,,0,30,,2021,22,,,0,70,,2011,22,,,0,30,,2023,22,,,0,70,,2008,22,,,0,30,,2024,22,,,0,70,,2014,22,,,0,30,,2027,22,,,0,70,,2015,22,,,0,30,,2028,22,,,0,70,,2010,22,,,0,30,,2032,22,,,0,70,,2013,22,,,0,30,,2033,22,,,0,70,,2012,22,,,0,100,,2016,22,,,0,100,,2017,22,,,0,100,,2018,22,,,0
16100,'4798',1112,,1104,30,,,0
16100,'4800',1112,,1105,30,,,0
16100,'5105',1112,,2121,30,,,0
16100,'5122',1112,,2122,30,,,0
