500,'4528',737,,2179,36,,,0,68,,2188,36,,,0,25,,2178,36,,,0,75,,2189,36,,,0,25,,2177,36,,,0,75,,2190,36,,,0,100,,2194,36,,,0,100,,2195,36,,,0,100,,2191,36,,,0,100,,2192,36,,,0,100,,2193,36,,,0,100,,2183,36,,,0,30,,2197,36,,,0,70,,2181,36,,,0,30,,2180,36,,,0,70,,2182,36,,,0,30,,2198,36,,,0,70,,2186,36,,,0,100,,2184,36,,,0,100,,2185,36,,,0,100,,2187,36,,,0,100,,2196,36,,,0
500,'5015',807,,2200,36,,,0,98,,2204,36,,,0,100,,2201,36,,,0,100,,2208,36,,,0,100,,2199,36,,,0,100,,2209,36,,,0,100,,2213,36,,,0,100,,2211,36,,,0,100,,2202,36,,,0,100,,2210,36,,,0,100,,2212,36,,,0,100,,2206,36,,,0,100,,2207,36,,,0,100,,2205,36,,,0,100,,2203,36,,,0
500,'5221',807,,2220,36,,,0,98,,2214,36,,,0,100,,2219,36,,,0,100,,2218,36,,,0,100,,2221,36,,,0,100,,2215,36,,,0,100,,2216,36,,,0,100,,2217,36,,,0,100,,2228,36,,,0,100,,2227,36,,,0,100,,2226,36,,,0,100,,2225,36,,,0,100,,2224,36,,,0,100,,2222,36,,,0,100,,2223,36,,,0
1000,'4528',647,,2308,16,,,0,70,,2295,16,,,0,30,,2296,16,,,0,72,,2289,16,,,0,28,,2282,16,,,0,70,,2298,16,,,0,30,,2291,16,,,0,70,,2281,16,,,0,30,,2300,16,,,0,70,,2290,16,,,0,30,,2303,16,,,0,70,,2288,16,,,0,30,,2305,16,,,0,70,,2304,16,,,0,30,,2283,16,,,0,70,,2285,16,,,0,30,,2309,16,,,0,70,,2292,16,,,0,30,,2297,16,,,0,70,,2284,16,,,0,30,,2294,16,,,0,70,,2301,16,,,0,30,,2287,16,,,0,70,,2293,16,,,0,30,,2299,16,,,0,70,,2306,16,,,0,30,,2286,16,,,0,100,,2302,16,,,0,100,,2307,16,,,0
1000,'5015',747,,2310,16,,,0,70,,2311,16,,,0,30,,2312,16,,,0,70,,2313,16,,,0,30,,2317,16,,,0,70,,2316,16,,,0,30,,2315,16,,,0,70,,2314,16,,,0,30,,2318,16,,,0,70,,2319,16,,,0,30,,2320,16,,,0,70,,2321,16,,,0,30,,2322,16,,,0,70,,2323,16,,,0,30,,2324,16,,,0,70,,2325,16,,,0,30,,2326,16,,,0,70,,2328,16,,,0,30,,2327,16,,,0,70,,2329,16,,,0,30,,2330,16,,,0,70,,2335,16,,,0,30,,2331,16,,,0,100,,2332,16,,,0,100,,2334,16,,,0,100,,2333,16,,,0
1000,'5221',947,,2336,16,,,0,100,,2339,16,,,0,100,,2337,16,,,0,100,,2338,16,,,0,100,,2340,16,,,0,100,,2341,16,,,0,100,,2343,16,,,0,100,,2342,16,,,0,100,,2344,16,,,0,100,,2345,16,,,0
1500,'4528',702,,2443,21,,,0,30,,2460,22,,,0,70,,2457,22,,,0,30,,2439,22,,,0,70,,2470,22,,,0,30,,2441,22,,,0,70,,2456,22,,,0,30,,2462,22,,,0,70,,2446,22,,,0,30,,2440,22,,,0,70,,2463,22,,,0,30,,2442,22,,,0,70,,2448,22,,,0,30,,2461,22,,,0,70,,2449,22,,,0,30,,2444,22,,,0,70,,2465,22,,,0,30,,2459,22,,,0,70,,2447,22,,,0,30,,2469,22,,,0,70,,2450,22,,,0,30,,2458,22,,,0,70,,2464,22,,,0,30,,2445,22,,,0,70,,2451,22,,,0,30,,2467,22,,,0,70,,2453,22,,,0,30,,2455,22,,,0,70,,2468,22,,,0,30,,2454,22,,,0,70,,2452,22,,,0,30,,2466,22,,,0
1500,'5015',732,,2494,22,,,0,100,,2471,22,,,0,100,,2472,22,,,0,100,,2475,22,,,0,70,,2474,22,,,0,30,,2473,22,,,0,70,,2477,22,,,0,30,,2478,22,,,0,70,,2479,22,,,0,30,,2476,22,,,0,70,,2484,22,,,0,30,,2485,22,,,0,70,,2483,22,,,0,30,,2481,22,,,0,70,,2487,22,,,0,30,,2488,22,,,0,69,,2486,22,,,0,31,,2482,22,,,0,70,,2489,22,,,0,30,,2480,22,,,0,70,,2495,22,,,0,30,,2491,22,,,0,100,,2492,22,,,0,100,,2493,22,,,0,100,,2490,22,,,0
1500,'5221',732,,2519,22,,,0,100,,2506,22,,,0,100,,2501,22,,,0,100,,2496,22,,,0,70,,2513,22,,,0,30,,2497,22,,,0,70,,2514,22,,,0,30,,2498,22,,,0,70,,2515,22,,,0,30,,2499,22,,,0,70,,2511,22,,,0,30,,2500,22,,,0,70,,2512,22,,,0,30,,2502,22,,,0,70,,2516,22,,,0,30,,2503,22,,,0,69,,2517,22,,,0,31,,2504,22,,,0,70,,2518,22,,,0,30,,2505,22,,,0,100,,2508,22,,,0,100,,2509,22,,,0,100,,2510,22,,,0,100,,2507,22,,,0
4600,'4528',759,,2684,25,,,0,142,,2685,25,,,0,99,,2686,25,,,0,100,,2688,25,,,0,100,,2687,25,,,0,100,,2689,25,,,0,100,,2690,25,,,0,100,,2677,25,,,0,100,,2678,25,,,0,100,,2679,25,,,0,59,,2680,25,,,0,100,,2681,25,,,0,99,,2683,25,,,0,100,,2682,25,,,0
4600,'5015',831,,2691,25,,,0,100,,2700,25,,,0,100,,2704,25,,,0,100,,2696,25,,,0,100,,2693,25,,,0,100,,2697,25,,,0,100,,2699,25,,,0,100,,2701,25,,,0,100,,2694,25,,,0,100,,2702,25,,,0,100,,2698,25,,,0,100,,2692,25,,,0,100,,2703,25,,,0
4600,'5221',931,,2714,25,,,0,100,,2715,25,,,0,100,,2706,25,,,0,100,,2708,25,,,0,100,,2710,25,,,0,100,,2705,25,,,0,100,,2712,25,,,0,100,,2713,25,,,0,100,,2709,25,,,0,100,,2711,25,,,0,100,,2707,25,,,0
4700,'4528',736,,2768,37,,,0,103,,2756,37,,,0,99,,2766,37,,,0,100,,2762,37,,,0,100,,2765,37,,,0,100,,2767,37,,,0,100,,2755,37,,,0,100,,2764,37,,,0,101,,2757,37,,,0,100,,2763,37,,,0,99,,2759,37,,,0,98,,2760,37,,,0,100,,2761,37,,,0,100,,2758,37,,,0
