501,'4327',730,,1219,5,,,0,98,,1218,20,,,0,100,,1213,20,,,0,100,,1212,20,,,0,100,,1215,20,,,0,100,,1217,20,,,0,100,,1216,20,,,0,100,,1214,20,,,0,100,,1226,20,,,0,100,,1225,20,,,0,100,,1224,20,,,0,100,,1223,20,,,0,100,,1222,20,,,0,100,,1220,20,,,0,100,,1221,20,,,0
501,'4795',703,,116,5,,,0,24,,127,20,,,0,28,,118,20,,,0,73,,128,20,,,0,28,,119,20,,,0,72,,129,20,,,0,100,,126,20,,,0,100,,131,20,,,0,100,,133,20,,,0,100,,130,20,,,0,100,,134,20,,,0,100,,132,20,,,0,30,,136,20,,,0,70,,135,20,,,0,30,,117,20,,,0,70,,122,20,,,0,28,,137,20,,,0,71,,124,20,,,0,100,,123,20,,,0,100,,121,20,,,0,100,,120,20,,,0,100,,125,20,,,0
501,'4800',730,,149,5,,,0,98,,148,20,,,0,100,,139,20,,,0,100,,150,20,,,0,100,,145,20,,,0,100,,151,20,,,0,100,,138,20,,,0,100,,147,20,,,0,100,,141,20,,,0,100,,152,20,,,0,100,,146,20,,,0,100,,142,20,,,0,100,,140,20,,,0,100,,143,20,,,0,100,,144,20,,,0
501,'5102',703,,1227,5,,,0,24,,1238,20,,,0,28,,1229,20,,,0,73,,1239,20,,,0,28,,1230,20,,,0,72,,1240,20,,,0,100,,1237,20,,,0,100,,1242,20,,,0,100,,1244,20,,,0,100,,1241,20,,,0,100,,1245,20,,,0,100,,1243,20,,,0,30,,1247,20,,,0,70,,1246,20,,,0,30,,1228,20,,,0,70,,1233,20,,,0,28,,1248,20,,,0,71,,1235,20,,,0,100,,1234,20,,,0,100,,1232,20,,,0,100,,1231,20,,,0,100,,1236,20,,,0
501,'5105',730,,1260,5,,,0,98,,1259,20,,,0,100,,1250,20,,,0,100,,1261,20,,,0,100,,1256,20,,,0,100,,1262,20,,,0,100,,1249,20,,,0,100,,1258,20,,,0,100,,1252,20,,,0,100,,1263,20,,,0,100,,1257,20,,,0,100,,1253,20,,,0,100,,1251,20,,,0,100,,1254,20,,,0,100,,1255,20,,,0
4601,'4327',902,,1708,27,,,0,100,,1707,27,,,0,100,,1709,27,,,0,100,,1706,27,,,0,100,,1705,27,,,0,100,,1704,27,,,0,100,,1702,27,,,0,100,,1712,27,,,0,100,,1711,27,,,0,100,,1703,27,,,0,100,,1710,27,,,0
4601,'4795',727,,700,27,,,0,100,,701,27,,,0,100,,702,27,,,0,100,,703,27,,,0,100,,704,27,,,0,100,,705,27,,,0,100,,706,27,,,0,100,,707,27,,,0,100,,699,27,,,0,101,,694,27,,,0,100,,695,27,,,0,98,,696,27,,,0,100,,697,27,,,0,100,,698,27,,,0
4601,'4800',802,,720,27,,,0,100,,710,27,,,0,100,,721,27,,,0,100,,708,27,,,0,100,,719,27,,,0,100,,714,27,,,0,100,,715,27,,,0,100,,716,27,,,0,100,,709,27,,,0,100,,717,27,,,0,100,,711,27,,,0,100,,718,27,,,0,100,,713,27,,,0,100,,712,27,,,0
4601,'5102',727,,1719,27,,,0,100,,1720,27,,,0,100,,1721,27,,,0,100,,1723,27,,,0,100,,1724,27,,,0,100,,1722,27,,,0,100,,1725,27,,,0,100,,1726,27,,,0,100,,1718,27,,,0,101,,1713,27,,,0,100,,1715,27,,,0,98,,1714,27,,,0,100,,1716,27,,,0,100,,1717,27,,,0
4601,'5105',802,,1739,27,,,0,100,,1729,27,,,0,100,,1740,27,,,0,100,,1727,27,,,0,100,,1738,27,,,0,100,,1733,27,,,0,100,,1734,27,,,0,100,,1735,27,,,0,100,,1728,27,,,0,100,,1736,27,,,0,100,,1730,27,,,0,100,,1737,27,,,0,100,,1732,27,,,0,100,,1731,27,,,0
