8900,'4327',647,,1957,8,,,0,100,,1965,8,,,0,101,,1956,39,,,0,100,,1954,39,,,0,100,,1945,39,,,0,100,,1947,39,,,0,100,,1946,39,,,0,70,,1966,39,,,0,30,,1948,39,,,0,70,,1964,39,,,0,30,,1949,39,,,0,70,,1962,39,,,0,30,,1950,39,,,0,70,,1963,39,,,0,30,,1951,39,,,0,70,,1967,39,,,0,30,,1953,39,,,0,100,,1955,39,,,0,100,,1952,39,,,0,100,,1959,39,,,0,100,,1961,39,,,0,100,,1958,39,,,0
8900,'4795',617,,984,8,,,0,30,,981,8,,,0,71,,983,17,,,0,40,,963,39,,,0,60,,980,39,,,0,22,,965,39,,,0,19,,970,39,,,0,59,,979,39,,,0,22,,966,39,,,0,19,,967,39,,,0,59,,953,39,,,0,30,,964,39,,,0,70,,973,39,,,0,30,,952,39,,,0,70,,956,39,,,0,30,,961,39,,,0,70,,977,39,,,0,30,,951,39,,,0,70,,955,39,,,0,30,,962,39,,,0,70,,976,39,,,0,18,,985,39,,,0,19,,954,39,,,0,63,,957,39,,,0,18,,986,39,,,0,19,,968,39,,,0,63,,975,39,,,0,30,,974,39,,,0,70,,960,39,,,0,30,,972,39,,,0,70,,969,39,,,0,30,,982,39,,,0,70,,959,39,,,0,100,,978,39,,,0,100,,958,39,,,0
8900,'4800',647,,1003,8,,,0,100,,1005,8,,,0,71,,1014,39,,,0,30,,987,39,,,0,70,,1013,39,,,0,30,,988,39,,,0,70,,1012,39,,,0,30,,989,39,,,0,70,,1009,39,,,0,30,,990,39,,,0,70,,1008,39,,,0,30,,992,39,,,0,70,,1004,39,,,0,30,,994,39,,,0,70,,1006,39,,,0,30,,991,39,,,0,70,,1007,39,,,0,30,,997,39,,,0,70,,1010,39,,,0,30,,998,39,,,0,70,,1011,39,,,0,30,,993,39,,,0,70,,1015,39,,,0,30,,996,39,,,0,70,,1016,39,,,0,30,,995,39,,,0,100,,999,39,,,0,100,,1000,39,,,0,100,,1001,39,,,0
8900,'5102',617,,2001,8,,,0,30,,1998,8,,,0,71,,2000,17,,,0,40,,1980,39,,,0,60,,1997,39,,,0,22,,1982,39,,,0,19,,1987,39,,,0,59,,1996,39,,,0,22,,1983,39,,,0,19,,1984,39,,,0,59,,1971,39,,,0,30,,1981,39,,,0,70,,1991,39,,,0,30,,1969,39,,,0,70,,1970,39,,,0,30,,1978,39,,,0,70,,1994,39,,,0,30,,1968,39,,,0,70,,1973,39,,,0,30,,1979,39,,,0,70,,1993,39,,,0,18,,2002,39,,,0,19,,1972,39,,,0,63,,1974,39,,,0,18,,2003,39,,,0,19,,1986,39,,,0,63,,1992,39,,,0,30,,1988,39,,,0,70,,1977,39,,,0,30,,1990,39,,,0,70,,1985,39,,,0,30,,1999,39,,,0,70,,1976,39,,,0,100,,1995,39,,,0,100,,1975,39,,,0
8900,'5105',647,,2020,8,,,0,100,,2022,8,,,0,71,,2031,39,,,0,30,,2004,39,,,0,70,,2030,39,,,0,30,,2005,39,,,0,70,,2029,39,,,0,30,,2006,39,,,0,70,,2026,39,,,0,30,,2007,39,,,0,70,,2025,39,,,0,30,,2009,39,,,0,70,,2021,39,,,0,30,,2011,39,,,0,70,,2023,39,,,0,30,,2008,39,,,0,70,,2024,39,,,0,30,,2014,39,,,0,70,,2027,39,,,0,30,,2015,39,,,0,70,,2028,39,,,0,30,,2010,39,,,0,70,,2032,39,,,0,30,,2013,39,,,0,70,,2033,39,,,0,30,,2012,39,,,0,100,,2016,39,,,0,100,,2017,39,,,0,100,,2018,39,,,0
9100,'4327',825,,2044,25,,,0,100,,2036,25,,,0,100,,2034,25,,,0,100,,2035,25,,,0,100,,2037,25,,,0,100,,2039,25,,,0,100,,2041,25,,,0,100,,2038,25,,,0,100,,2040,25,,,0,100,,2042,25,,,0,100,,2043,25,,,0
9100,'4795',725,,1028,25,,,0,100,,1030,25,,,0,100,,1031,25,,,0,100,,1034,25,,,0,100,,1029,25,,,0,100,,1036,25,,,0,100,,1033,25,,,0,100,,1035,25,,,0,100,,1037,25,,,0,101,,1032,25,,,0,100,,1038,25,,,0,99,,1039,25,,,0,100,,1040,25,,,0,100,,1041,25,,,0
9100,'4800',825,,1046,25,,,0,100,,1045,25,,,0,100,,1052,25,,,0,100,,1053,25,,,0,100,,1042,25,,,0,100,,1043,25,,,0,100,,1047,25,,,0,100,,1044,25,,,0,100,,1049,25,,,0,100,,1050,25,,,0,100,,1051,25,,,0,100,,1048,25,,,0,100,,1054,25,,,0
9100,'5102',725,,2045,25,,,0,100,,2047,25,,,0,100,,2048,25,,,0,100,,2051,25,,,0,100,,2046,25,,,0,100,,2053,25,,,0,100,,2050,25,,,0,100,,2052,25,,,0,100,,2055,25,,,0,101,,2049,25,,,0,100,,2056,25,,,0,99,,2057,25,,,0,100,,2054,25,,,0,100,,2058,25,,,0
9100,'5105',825,,2063,25,,,0,100,,2062,25,,,0,100,,2069,25,,,0,100,,2070,25,,,0,100,,2059,25,,,0,100,,2060,25,,,0,100,,2064,25,,,0,100,,2061,25,,,0,100,,2066,25,,,0,100,,2067,25,,,0,100,,2068,25,,,0,100,,2065,25,,,0,100,,2071,25,,,0
9601,'4795',1502,,1101,18,,,0
9601,'5102',1502,,2118,18,,,0
