1500,'4327',731,,1448,21,,,0,100,,1435,21,,,0,100,,1430,21,,,0,100,,1425,21,,,0,70,,1440,21,,,0,30,,1426,21,,,0,70,,1441,21,,,0,30,,1427,21,,,0,70,,1442,21,,,0,30,,1428,21,,,0,70,,1443,21,,,0,30,,1429,21,,,0,70,,1444,21,,,0,30,,1431,21,,,0,70,,1445,21,,,0,30,,1432,21,,,0,69,,1446,21,,,0,31,,1433,21,,,0,70,,1447,21,,,0,30,,1434,21,,,0,100,,1436,21,,,0,100,,1437,21,,,0,100,,1438,21,,,0,100,,1439,21,,,0
1500,'4795',701,,342,20,,,0,100,,355,21,,,0,30,,338,21,,,0,11,,379,21,,,0,70,,368,21,,,0,19,,340,21,,,0,11,,367,21,,,0,59,,358,21,,,0,11,,363,21,,,0,30,,377,21,,,0,59,,345,21,,,0,11,,362,21,,,0,19,,339,21,,,0,11,,374,21,,,0,70,,365,21,,,0,19,,341,21,,,0,11,,375,21,,,0,59,,347,21,,,0,11,,364,21,,,0,30,,378,21,,,0,59,,348,21,,,0,11,,371,21,,,0,19,,343,21,,,0,11,,370,21,,,0,70,,361,21,,,0,19,,357,21,,,0,11,,373,21,,,0,59,,346,21,,,0,11,,360,21,,,0,30,,372,21,,,0,59,,349,21,,,0,11,,359,21,,,0,19,,356,21,,,0,11,,366,21,,,0,70,,369,21,,,0,19,,344,21,,,0,11,,376,21,,,0,59,,350,21,,,0,100,,352,21,,,0,30,,354,21,,,0,100,,353,21,,,0,70,,351,21,,,0
1500,'4796',731,,380,21,,,0,170,,390,21,,,0,130,,382,21,,,0,170,,383,21,,,0,130,,381,21,,,0,170,,385,21,,,0,130,,389,21,,,0,170,,384,21,,,0,130,,387,21,,,0,170,,388,21,,,0,130,,386,21,,,0
1500,'4799',731,,391,21,,,0,170,,401,21,,,0,130,,393,21,,,0,170,,394,21,,,0,130,,392,21,,,0,170,,396,21,,,0,130,,400,21,,,0,170,,395,21,,,0,130,,398,21,,,0,170,,399,21,,,0,130,,397,21,,,0,97,,405,23,0,16 18,0,100,,404,23,0,16 18,0,100,,403,23,0,16 18,0,100,,402,23,0,16 18,0
1500,'4800',731,,433,21,,,0,100,,406,21,,,0,100,,407,21,,,0,100,,410,21,,,0,70,,409,21,,,0,30,,408,21,,,0,70,,412,21,,,0,30,,413,21,,,0,70,,414,21,,,0,30,,411,21,,,0,70,,419,21,,,0,30,,420,21,,,0,70,,417,21,,,0,30,,415,21,,,0,70,,422,21,,,0,30,,423,21,,,0,69,,421,21,,,0,31,,416,21,,,0,70,,424,21,,,0,30,,418,21,,,0,70,,434,21,,,0,30,,426,21,,,0,100,,427,21,,,0,100,,428,21,,,0,100,,425,21,,,0,97,,431,23,0,16 18,0,100,,432,23,0,16 18,0,100,,429,23,0,16 18,0,100,,430,23,0,16 18,0
1500,'5102',701,,1453,20,,,0,30,,1470,21,,,0,70,,1467,21,,,0,30,,1449,21,,,0,70,,1480,21,,,0,30,,1451,21,,,0,70,,1466,21,,,0,30,,1472,21,,,0,70,,1456,21,,,0,30,,1450,21,,,0,70,,1473,21,,,0,30,,1452,21,,,0,70,,1458,21,,,0,30,,1471,21,,,0,70,,1459,21,,,0,30,,1454,21,,,0,70,,1475,21,,,0,30,,1469,21,,,0,70,,1457,21,,,0,30,,1479,21,,,0,70,,1460,21,,,0,30,,1468,21,,,0,70,,1474,21,,,0,30,,1455,21,,,0,70,,1461,21,,,0,30,,1477,21,,,0,70,,1463,21,,,0,30,,1465,21,,,0,70,,1478,21,,,0,30,,1464,21,,,0,70,,1462,21,,,0,30,,1476,21,,,0
1500,'5105',731,,1504,21,,,0,100,,1481,21,,,0,100,,1482,21,,,0,100,,1485,21,,,0,70,,1484,21,,,0,30,,1483,21,,,0,70,,1487,21,,,0,30,,1488,21,,,0,70,,1489,21,,,0,30,,1486,21,,,0,70,,1494,21,,,0,30,,1495,21,,,0,70,,1492,21,,,0,30,,1490,21,,,0,70,,1497,21,,,0,30,,1498,21,,,0,69,,1496,21,,,0,31,,1491,21,,,0,70,,1499,21,,,0,30,,1493,21,,,0,70,,1505,21,,,0,30,,1501,21,,,0,100,,1502,21,,,0,100,,1503,21,,,0,100,,1500,21,,,0
4600,'4327',930,,1672,24,,,0,100,,1673,24,,,0,100,,1664,24,,,0,100,,1666,24,,,0,100,,1668,24,,,0,100,,1663,24,,,0,100,,1670,24,,,0,100,,1671,24,,,0,100,,1667,24,,,0,100,,1669,24,,,0,100,,1665,24,,,0
4600,'4795',759,,662,24,,,0,142,,663,24,,,0,99,,664,24,,,0,100,,666,24,,,0,100,,665,24,,,0,100,,667,24,,,0,100,,668,24,,,0,100,,655,24,,,0,100,,656,24,,,0,100,,657,24,,,0,59,,658,24,,,0,100,,659,24,,,0,99,,661,24,,,0,100,,660,24,,,0
4600,'4800',830,,669,24,,,0,100,,678,24,,,0,100,,682,24,,,0,100,,674,24,,,0,100,,671,24,,,0,100,,675,24,,,0,100,,677,24,,,0,100,,679,24,,,0,100,,672,24,,,0,100,,680,24,,,0,100,,676,24,,,0,100,,670,24,,,0,100,,681,24,,,0
4600,'5102',759,,1681,24,,,0,142,,1682,24,,,0,99,,1683,24,,,0,100,,1685,24,,,0,100,,1684,24,,,0,100,,1686,24,,,0,100,,1687,24,,,0,100,,1674,24,,,0,100,,1675,24,,,0,100,,1676,24,,,0,59,,1677,24,,,0,100,,1678,24,,,0,99,,1680,24,,,0,100,,1679,24,,,0
4600,'5105',830,,1688,24,,,0,100,,1697,24,,,0,100,,1701,24,,,0,100,,1693,24,,,0,100,,1690,24,,,0,100,,1694,24,,,0,100,,1696,24,,,0,100,,1698,24,,,0,100,,1691,24,,,0,100,,1699,24,,,0,100,,1695,24,,,0,100,,1689,24,,,0,100,,1700,24,,,0
4700,'4795',735,,735,36,,,0,103,,723,36,,,0,99,,733,36,,,0,100,,729,36,,,0,100,,732,36,,,0,100,,734,36,,,0,100,,722,36,,,0,100,,731,36,,,0,101,,724,36,,,0,100,,730,36,,,0,99,,726,36,,,0,98,,727,36,,,0,100,,728,36,,,0,100,,725,36,,,0
4700,'5102',735,,1754,36,,,0,103,,1742,36,,,0,99,,1752,36,,,0,100,,1748,36,,,0,100,,1751,36,,,0,100,,1753,36,,,0,100,,1741,36,,,0,100,,1750,36,,,0,101,,1743,36,,,0,100,,1749,36,,,0,99,,1745,36,,,0,98,,1746,36,,,0,100,,1747,36,,,0,100,,1744,36,,,0
