1500,'4327',721,,1448,10,,,0,100,,1435,10,,,0,100,,1430,10,,,0,100,,1425,10,,,0,30,,1440,10,,,0,70,,1426,10,,,0,30,,1441,10,,,0,70,,1427,10,,,0,30,,1442,10,,,0,70,,1428,10,,,0,30,,1443,10,,,0,70,,1429,10,,,0,30,,1444,10,,,0,70,,1431,10,,,0,30,,1445,10,,,0,70,,1432,10,,,0,29,,1446,10,,,0,71,,1433,10,,,0,30,,1447,10,,,0,70,,1434,10,,,0,100,,1436,10,,,0,100,,1437,10,,,0,100,,1438,10,,,0,100,,1439,10,,,0
1500,'4795',651,,342,9,,,0,100,,355,10,,,0,70,,338,10,,,0,11,,379,10,,,0,70,,368,10,,,0,19,,340,10,,,0,11,,367,10,,,0,19,,358,10,,,0,51,,363,10,,,0,30,,377,10,,,0,19,,345,10,,,0,51,,362,10,,,0,19,,339,10,,,0,11,,374,10,,,0,70,,365,10,,,0,19,,341,10,,,0,11,,375,10,,,0,19,,347,10,,,0,51,,364,10,,,0,30,,378,10,,,0,19,,348,10,,,0,51,,371,10,,,0,19,,343,10,,,0,11,,370,10,,,0,70,,361,10,,,0,19,,357,10,,,0,11,,373,10,,,0,19,,346,10,,,0,51,,360,10,,,0,30,,372,10,,,0,19,,349,10,,,0,51,,359,10,,,0,19,,356,10,,,0,11,,366,10,,,0,70,,369,10,,,0,19,,344,10,,,0,11,,376,10,,,0,19,,350,10,,,0,100,,352,10,,,0,70,,354,10,,,0,100,,353,10,,,0,30,,351,10,,,0
1500,'4796',721,,380,10,,,0,130,,390,10,,,0,170,,382,10,,,0,130,,383,10,,,0,170,,381,10,,,0,130,,385,10,,,0,170,,389,10,,,0,130,,384,10,,,0,170,,387,10,,,0,130,,388,10,,,0,170,,386,10,,,0
1500,'4799',721,,391,10,,,0,130,,401,10,,,0,170,,393,10,,,0,130,,394,10,,,0,170,,392,10,,,0,130,,396,10,,,0,170,,400,10,,,0,130,,395,10,,,0,170,,398,10,,,0,130,,399,10,,,0,170,,397,10,,,0,102,,405,12,0,16 18,0,100,,404,12,0,16 18,0,100,,403,12,0,16 18,0,100,,402,12,0,16 18,0
1500,'4800',721,,433,10,,,0,100,,406,10,,,0,100,,407,10,,,0,100,,410,10,,,0,30,,409,10,,,0,70,,408,10,,,0,30,,412,10,,,0,70,,413,10,,,0,30,,414,10,,,0,70,,411,10,,,0,30,,419,10,,,0,70,,420,10,,,0,30,,417,10,,,0,70,,415,10,,,0,30,,422,10,,,0,70,,423,10,,,0,29,,421,10,,,0,71,,416,10,,,0,30,,424,10,,,0,70,,418,10,,,0,30,,434,10,,,0,70,,426,10,,,0,100,,427,10,,,0,100,,428,10,,,0,100,,425,10,,,0,102,,431,12,0,16 18,0,100,,432,12,0,16 18,0,100,,429,12,0,16 18,0,100,,430,12,0,16 18,0
1500,'5102',651,,1453,9,,,0,70,,1470,10,,,0,30,,1467,10,,,0,70,,1449,10,,,0,30,,1480,10,,,0,70,,1451,10,,,0,30,,1466,10,,,0,70,,1472,10,,,0,30,,1456,10,,,0,70,,1450,10,,,0,30,,1473,10,,,0,70,,1452,10,,,0,30,,1458,10,,,0,70,,1471,10,,,0,30,,1459,10,,,0,70,,1454,10,,,0,30,,1475,10,,,0,70,,1469,10,,,0,30,,1457,10,,,0,70,,1479,10,,,0,30,,1460,10,,,0,70,,1468,10,,,0,30,,1474,10,,,0,70,,1455,10,,,0,30,,1461,10,,,0,70,,1477,10,,,0,30,,1463,10,,,0,70,,1465,10,,,0,30,,1478,10,,,0,70,,1464,10,,,0,30,,1462,10,,,0,70,,1476,10,,,0
1500,'5105',721,,1504,10,,,0,100,,1481,10,,,0,100,,1482,10,,,0,100,,1485,10,,,0,30,,1484,10,,,0,70,,1483,10,,,0,30,,1487,10,,,0,70,,1488,10,,,0,30,,1489,10,,,0,70,,1486,10,,,0,30,,1494,10,,,0,70,,1495,10,,,0,30,,1492,10,,,0,70,,1490,10,,,0,30,,1497,10,,,0,70,,1498,10,,,0,29,,1496,10,,,0,71,,1491,10,,,0,30,,1499,10,,,0,70,,1493,10,,,0,30,,1505,10,,,0,70,,1501,10,,,0,100,,1502,10,,,0,100,,1503,10,,,0,100,,1500,10,,,0
4600,'4327',920,,1672,11,,,0,100,,1673,11,,,0,100,,1664,11,,,0,100,,1666,11,,,0,100,,1668,11,,,0,100,,1663,11,,,0,100,,1670,11,,,0,100,,1671,11,,,0,100,,1667,11,,,0,100,,1669,11,,,0,100,,1665,11,,,0
4600,'4795',747,,662,11,,,0,101,,663,11,,,0,99,,664,11,,,0,100,,666,11,,,0,100,,665,11,,,0,100,,667,11,,,0,100,,668,11,,,0,100,,655,11,,,0,100,,656,11,,,0,100,,657,11,,,0,100,,658,11,,,0,100,,659,11,,,0,100,,661,11,,,0,100,,660,11,,,0
4600,'4800',820,,669,11,,,0,100,,678,11,,,0,100,,682,11,,,0,100,,674,11,,,0,100,,671,11,,,0,100,,675,11,,,0,100,,677,11,,,0,100,,679,11,,,0,100,,672,11,,,0,100,,680,11,,,0,100,,676,11,,,0,100,,670,11,,,0,100,,681,11,,,0,100,,673,11,0,19,0
4600,'5102',747,,1681,11,,,0,101,,1682,11,,,0,99,,1683,11,,,0,100,,1685,11,,,0,100,,1684,11,,,0,100,,1686,11,,,0,100,,1687,11,,,0,100,,1674,11,,,0,100,,1675,11,,,0,100,,1676,11,,,0,100,,1677,11,,,0,100,,1678,11,,,0,100,,1680,11,,,0,100,,1679,11,,,0
4600,'5105',820,,1688,11,,,0,100,,1697,11,,,0,100,,1701,11,,,0,100,,1693,11,,,0,100,,1690,11,,,0,100,,1694,11,,,0,100,,1696,11,,,0,100,,1698,11,,,0,100,,1691,11,,,0,100,,1699,11,,,0,100,,1695,11,,,0,100,,1689,11,,,0,100,,1700,11,,,0,100,,1692,11,0,19,0
