8900,'4327',646,,1957,6,,,0,100,,1965,6,,,0,101,,1956,37,,,0,100,,1954,37,,,0,100,,1945,37,,,0,100,,1947,37,,,0,100,,1946,37,,,0,70,,1966,37,,,0,30,,1948,37,,,0,70,,1964,37,,,0,30,,1949,37,,,0,70,,1962,37,,,0,30,,1950,37,,,0,70,,1963,37,,,0,30,,1951,37,,,0,70,,1967,37,,,0,30,,1953,37,,,0,100,,1955,37,,,0,100,,1952,37,,,0,100,,1959,37,,,0,100,,1961,37,,,0,100,,1958,37,,,0
8900,'4795',616,,984,6,,,0,30,,981,6,,,0,71,,983,15,,,0,40,,963,37,,,0,60,,980,37,,,0,22,,965,37,,,0,19,,970,37,,,0,59,,979,37,,,0,22,,966,37,,,0,19,,967,37,,,0,59,,953,37,,,0,30,,964,37,,,0,70,,973,37,,,0,30,,952,37,,,0,70,,956,37,,,0,30,,961,37,,,0,70,,977,37,,,0,30,,951,37,,,0,70,,955,37,,,0,30,,962,37,,,0,70,,976,37,,,0,18,,985,37,,,0,19,,954,37,,,0,63,,957,37,,,0,18,,986,37,,,0,19,,968,37,,,0,63,,975,37,,,0,30,,974,37,,,0,70,,960,37,,,0,30,,972,37,,,0,70,,969,37,,,0,30,,982,37,,,0,70,,959,37,,,0,100,,978,37,,,0,100,,958,37,,,0
8900,'4800',646,,1003,6,,,0,100,,1005,6,,,0,71,,1014,37,,,0,30,,987,37,,,0,70,,1013,37,,,0,30,,988,37,,,0,70,,1012,37,,,0,30,,989,37,,,0,70,,1009,37,,,0,30,,990,37,,,0,70,,1008,37,,,0,30,,992,37,,,0,70,,1004,37,,,0,30,,994,37,,,0,70,,1006,37,,,0,30,,991,37,,,0,70,,1007,37,,,0,30,,997,37,,,0,70,,1010,37,,,0,30,,998,37,,,0,70,,1011,37,,,0,30,,993,37,,,0,70,,1015,37,,,0,30,,996,37,,,0,70,,1016,37,,,0,30,,995,37,,,0,100,,999,37,,,0,100,,1000,37,,,0,100,,1001,37,,,0
8900,'5102',616,,2001,6,,,0,30,,1998,6,,,0,71,,2000,15,,,0,40,,1980,37,,,0,60,,1997,37,,,0,22,,1982,37,,,0,19,,1987,37,,,0,59,,1996,37,,,0,22,,1983,37,,,0,19,,1984,37,,,0,59,,1971,37,,,0,30,,1981,37,,,0,70,,1991,37,,,0,30,,1969,37,,,0,70,,1970,37,,,0,30,,1978,37,,,0,70,,1994,37,,,0,30,,1968,37,,,0,70,,1973,37,,,0,30,,1979,37,,,0,70,,1993,37,,,0,18,,2002,37,,,0,19,,1972,37,,,0,63,,1974,37,,,0,18,,2003,37,,,0,19,,1986,37,,,0,63,,1992,37,,,0,30,,1988,37,,,0,70,,1977,37,,,0,30,,1990,37,,,0,70,,1985,37,,,0,30,,1999,37,,,0,70,,1976,37,,,0,100,,1995,37,,,0,100,,1975,37,,,0
8900,'5105',646,,2020,6,,,0,100,,2022,6,,,0,71,,2031,37,,,0,30,,2004,37,,,0,70,,2030,37,,,0,30,,2005,37,,,0,70,,2029,37,,,0,30,,2006,37,,,0,70,,2026,37,,,0,30,,2007,37,,,0,70,,2025,37,,,0,30,,2009,37,,,0,70,,2021,37,,,0,30,,2011,37,,,0,70,,2023,37,,,0,30,,2008,37,,,0,70,,2024,37,,,0,30,,2014,37,,,0,70,,2027,37,,,0,30,,2015,37,,,0,70,,2028,37,,,0,30,,2010,37,,,0,70,,2032,37,,,0,30,,2013,37,,,0,70,,2033,37,,,0,30,,2012,37,,,0,100,,2016,37,,,0,100,,2017,37,,,0,100,,2018,37,,,0
9100,'4327',824,,2044,23,,,0,100,,2036,23,,,0,100,,2034,23,,,0,100,,2035,23,,,0,100,,2037,23,,,0,100,,2039,23,,,0,100,,2041,23,,,0,100,,2038,23,,,0,100,,2040,23,,,0,100,,2042,23,,,0,100,,2043,23,,,0
9100,'4795',724,,1028,23,,,0,100,,1030,23,,,0,100,,1031,23,,,0,100,,1034,23,,,0,100,,1029,23,,,0,100,,1036,23,,,0,100,,1033,23,,,0,100,,1035,23,,,0,100,,1037,23,,,0,101,,1032,23,,,0,100,,1038,23,,,0,99,,1039,23,,,0,100,,1040,23,,,0,100,,1041,23,,,0
9100,'4800',824,,1046,23,,,0,100,,1045,23,,,0,100,,1052,23,,,0,100,,1053,23,,,0,100,,1042,23,,,0,100,,1043,23,,,0,100,,1047,23,,,0,100,,1044,23,,,0,100,,1049,23,,,0,100,,1050,23,,,0,100,,1051,23,,,0,100,,1048,23,,,0,100,,1054,23,,,0
9100,'5102',724,,2045,23,,,0,100,,2047,23,,,0,100,,2048,23,,,0,100,,2051,23,,,0,100,,2046,23,,,0,100,,2053,23,,,0,100,,2050,23,,,0,100,,2052,23,,,0,100,,2055,23,,,0,101,,2049,23,,,0,100,,2056,23,,,0,99,,2057,23,,,0,100,,2054,23,,,0,100,,2058,23,,,0
9100,'5105',824,,2063,23,,,0,100,,2062,23,,,0,100,,2069,23,,,0,100,,2070,23,,,0,100,,2059,23,,,0,100,,2060,23,,,0,100,,2064,23,,,0,100,,2061,23,,,0,100,,2066,23,,,0,100,,2067,23,,,0,100,,2068,23,,,0,100,,2065,23,,,0,100,,2071,23,,,0
9600,'4795',811,,1097,25,0,8 9 10 11,0,3,,1096,25,0,8 9 10 11,0
9600,'5102',811,,2114,25,0,8 9 10 11,0,3,,2113,25,0,8 9 10 11,0
9601,'4795',1501,,1101,16,,,0
9601,'5102',1501,,2118,16,,,0
