1500,'4327',719,,1448,7,,,0,100,,1435,7,,,0,100,,1430,7,,,0,100,,1425,7,,,0,30,,1440,7,,,0,70,,1426,7,,,0,30,,1441,7,,,0,70,,1427,7,,,0,30,,1442,7,,,0,70,,1428,7,,,0,30,,1443,7,,,0,70,,1429,7,,,0,30,,1444,7,,,0,70,,1431,7,,,0,30,,1445,7,,,0,70,,1432,7,,,0,29,,1446,7,,,0,71,,1433,7,,,0,30,,1447,7,,,0,70,,1434,7,,,0,100,,1436,7,,,0,100,,1437,7,,,0,100,,1438,7,,,0,100,,1439,7,,,0
1500,'4795',649,,342,6,,,0,100,,355,7,,,0,70,,338,7,,,0,11,,379,7,,,0,70,,368,7,,,0,19,,340,7,,,0,11,,367,7,,,0,19,,358,7,,,0,51,,363,7,,,0,30,,377,7,,,0,19,,345,7,,,0,51,,362,7,,,0,19,,339,7,,,0,11,,374,7,,,0,70,,365,7,,,0,19,,341,7,,,0,11,,375,7,,,0,19,,347,7,,,0,51,,364,7,,,0,30,,378,7,,,0,19,,348,7,,,0,51,,371,7,,,0,19,,343,7,,,0,11,,370,7,,,0,70,,361,7,,,0,19,,357,7,,,0,11,,373,7,,,0,19,,346,7,,,0,51,,360,7,,,0,30,,372,7,,,0,19,,349,7,,,0,51,,359,7,,,0,19,,356,7,,,0,11,,366,7,,,0,70,,369,7,,,0,19,,344,7,,,0,11,,376,7,,,0,19,,350,7,,,0,100,,352,7,,,0,70,,354,7,,,0,100,,353,7,,,0,30,,351,7,,,0
1500,'4796',719,,380,7,,,0,130,,390,7,,,0,170,,382,7,,,0,130,,383,7,,,0,170,,381,7,,,0,130,,385,7,,,0,170,,389,7,,,0,130,,384,7,,,0,170,,387,7,,,0,130,,388,7,,,0,170,,386,7,,,0
1500,'4799',719,,391,7,,,0,130,,401,7,,,0,170,,393,7,,,0,130,,394,7,,,0,170,,392,7,,,0,130,,396,7,,,0,170,,400,7,,,0,130,,395,7,,,0,170,,398,7,,,0,130,,399,7,,,0,170,,397,7,,,0,103,,405,9,0,16 18,0,100,,404,9,0,16 18,0,100,,403,9,0,16 18,0,100,,402,9,0,16 18,0
1500,'4800',719,,433,7,,,0,100,,406,7,,,0,100,,407,7,,,0,100,,410,7,,,0,30,,409,7,,,0,70,,408,7,,,0,30,,412,7,,,0,70,,413,7,,,0,30,,414,7,,,0,70,,411,7,,,0,30,,419,7,,,0,70,,420,7,,,0,30,,417,7,,,0,70,,415,7,,,0,30,,422,7,,,0,70,,423,7,,,0,29,,421,7,,,0,71,,416,7,,,0,30,,424,7,,,0,70,,418,7,,,0,30,,434,7,,,0,70,,426,7,,,0,100,,427,7,,,0,100,,428,7,,,0,100,,425,7,,,0,103,,431,9,0,16 18,0,100,,432,9,0,16 18,0,100,,429,9,0,16 18,0,100,,430,9,0,16 18,0
1500,'5102',649,,1453,6,,,0,70,,1470,7,,,0,30,,1467,7,,,0,70,,1449,7,,,0,30,,1480,7,,,0,70,,1451,7,,,0,30,,1466,7,,,0,70,,1472,7,,,0,30,,1456,7,,,0,70,,1450,7,,,0,30,,1473,7,,,0,70,,1452,7,,,0,30,,1458,7,,,0,70,,1471,7,,,0,30,,1459,7,,,0,70,,1454,7,,,0,30,,1475,7,,,0,70,,1469,7,,,0,30,,1457,7,,,0,70,,1479,7,,,0,30,,1460,7,,,0,70,,1468,7,,,0,30,,1474,7,,,0,70,,1455,7,,,0,30,,1461,7,,,0,70,,1477,7,,,0,30,,1463,7,,,0,70,,1465,7,,,0,30,,1478,7,,,0,70,,1464,7,,,0,30,,1462,7,,,0,70,,1476,7,,,0
1500,'5105',719,,1504,7,,,0,100,,1481,7,,,0,100,,1482,7,,,0,100,,1485,7,,,0,30,,1484,7,,,0,70,,1483,7,,,0,30,,1487,7,,,0,70,,1488,7,,,0,30,,1489,7,,,0,70,,1486,7,,,0,30,,1494,7,,,0,70,,1495,7,,,0,30,,1492,7,,,0,70,,1490,7,,,0,30,,1497,7,,,0,70,,1498,7,,,0,29,,1496,7,,,0,71,,1491,7,,,0,30,,1499,7,,,0,70,,1493,7,,,0,30,,1505,7,,,0,70,,1501,7,,,0,100,,1502,7,,,0,100,,1503,7,,,0,100,,1500,7,,,0
4600,'4327',919,,1672,8,,,0,100,,1673,8,,,0,100,,1664,8,,,0,100,,1666,8,,,0,100,,1668,8,,,0,100,,1663,8,,,0,100,,1670,8,,,0,100,,1671,8,,,0,100,,1667,8,,,0,100,,1669,8,,,0,100,,1665,8,,,0
4600,'4795',746,,662,8,,,0,101,,663,8,,,0,99,,664,8,,,0,100,,666,8,,,0,100,,665,8,,,0,100,,667,8,,,0,100,,668,8,,,0,100,,655,8,,,0,100,,656,8,,,0,100,,657,8,,,0,100,,658,8,,,0,100,,659,8,,,0,100,,661,8,,,0,100,,660,8,,,0
4600,'4800',819,,669,8,,,0,100,,678,8,,,0,100,,682,8,,,0,100,,674,8,,,0,100,,671,8,,,0,100,,675,8,,,0,100,,677,8,,,0,100,,679,8,,,0,100,,672,8,,,0,100,,680,8,,,0,100,,676,8,,,0,100,,670,8,,,0,100,,681,8,,,0,100,,673,8,0,19,0
4600,'5102',746,,1681,8,,,0,101,,1682,8,,,0,99,,1683,8,,,0,100,,1685,8,,,0,100,,1684,8,,,0,100,,1686,8,,,0,100,,1687,8,,,0,100,,1674,8,,,0,100,,1675,8,,,0,100,,1676,8,,,0,100,,1677,8,,,0,100,,1678,8,,,0,100,,1680,8,,,0,100,,1679,8,,,0
4600,'5105',819,,1688,8,,,0,100,,1697,8,,,0,100,,1701,8,,,0,100,,1693,8,,,0,100,,1690,8,,,0,100,,1694,8,,,0,100,,1696,8,,,0,100,,1698,8,,,0,100,,1691,8,,,0,100,,1699,8,,,0,100,,1695,8,,,0,100,,1689,8,,,0,100,,1700,8,,,0,100,,1692,8,0,19,0
