500,'4327',745,,1166,11,,,0,98,,1160,11,,,0,100,,1165,11,,,0,100,,1164,11,,,0,100,,1167,11,,,0,100,,1161,11,,,0,100,,1162,11,,,0,100,,1163,11,,,0,100,,1174,11,,,0,100,,1173,11,,,0,100,,1172,11,,,0,100,,1171,11,,,0,100,,1170,11,,,0,100,,1168,11,,,0,100,,1169,11,,,0
500,'4795',715,,66,11,,,0,28,,75,11,,,0,65,,65,11,,,0,35,,76,11,,,0,65,,64,11,,,0,35,,77,11,,,0,100,,81,11,,,0,100,,82,11,,,0,100,,78,11,,,0,100,,79,11,,,0,100,,80,11,,,0,100,,70,11,,,0,70,,84,11,,,0,30,,68,11,,,0,70,,67,11,,,0,30,,69,11,,,0,70,,85,11,,,0,30,,72,11,,,0,100,,73,11,,,0,100,,71,11,,,0,100,,74,11,,,0,100,,83,11,,,0
500,'4800',745,,87,11,,,0,98,,91,11,,,0,100,,88,11,,,0,100,,95,11,,,0,100,,86,11,,,0,100,,96,11,,,0,100,,100,11,,,0,100,,99,11,,,0,100,,89,11,,,0,100,,97,11,,,0,100,,98,11,,,0,100,,93,11,,,0,100,,94,11,,,0,100,,92,11,,,0,100,,90,11,,,0
500,'5102',715,,1177,11,,,0,28,,1186,11,,,0,65,,1176,11,,,0,35,,1187,11,,,0,65,,1175,11,,,0,35,,1188,11,,,0,100,,1192,11,,,0,100,,1193,11,,,0,100,,1189,11,,,0,100,,1190,11,,,0,100,,1191,11,,,0,100,,1181,11,,,0,70,,1195,11,,,0,30,,1179,11,,,0,70,,1178,11,,,0,30,,1180,11,,,0,70,,1196,11,,,0,30,,1184,11,,,0,100,,1182,11,,,0,100,,1183,11,,,0,100,,1185,11,,,0,100,,1194,11,,,0
500,'5105',745,,1198,11,,,0,98,,1202,11,,,0,100,,1199,11,,,0,100,,1206,11,,,0,100,,1197,11,,,0,100,,1207,11,,,0,100,,1211,11,,,0,100,,1210,11,,,0,100,,1200,11,,,0,100,,1208,11,,,0,100,,1209,11,,,0,100,,1204,11,,,0,100,,1205,11,,,0,100,,1203,11,,,0,100,,1201,11,,,0
1101,'4795',724,3,287,33,,,0,30,3,286,33,,,0,70,3,281,33,,,0,30,3,292,33,,,0,70,3,288,33,,,0,30,3,282,33,,,0,70,3,293,33,,,0,100,3,283,33,,,0,100,3,296,33,,,0,100,3,289,33,,,0,100,3,284,33,,,0,100,3,291,33,,,0,22,,295,34,,,0,78,3,298,33,,,0,30,3,294,33,,,0,70,3,285,33,,,0,30,3,297,33,,,0,70,3,290,33,,,0,30,3,299,33,,,0
1101,'4800',754,3,300,33,,,0,100,3,301,33,,,0,100,3,302,33,,,0,100,3,303,33,,,0,100,3,304,33,,,0,100,3,305,33,,,0,100,3,306,33,,,0,100,3,307,33,,,0,100,3,308,33,,,0,100,3,309,33,,,0,100,3,310,33,,,0
1101,'5102',724,3,1398,33,,,0,30,3,1397,33,,,0,70,3,1392,33,,,0,30,3,1403,33,,,0,70,3,1399,33,,,0,30,3,1393,33,,,0,70,3,1404,33,,,0,100,3,1394,33,,,0,100,3,1407,33,,,0,100,3,1400,33,,,0,100,3,1395,33,,,0,100,3,1402,33,,,0,22,,1406,34,,,0,78,3,1409,33,,,0,30,3,1405,33,,,0,70,3,1396,33,,,0,30,3,1408,33,,,0,70,3,1401,33,,,0,30,3,1410,33,,,0
1101,'5105',754,3,1411,33,,,0,100,3,1412,33,,,0,100,3,1413,33,,,0,100,3,1414,33,,,0,100,3,1415,33,,,0,100,3,1416,33,,,0,100,3,1417,33,,,0,100,3,1418,33,,,0,100,3,1419,33,,,0,100,3,1420,33,,,0,100,3,1421,33,,,0
1500,'4327',713,2,1448,2,,,0,100,2,1435,2,,,0,100,2,1430,2,,,0,100,2,1425,2,,,0,30,2,1440,2,,,0,70,2,1426,2,,,0,30,2,1441,2,,,0,70,2,1427,2,,,0,30,2,1442,2,,,0,70,2,1428,2,,,0,30,2,1443,2,,,0,70,2,1429,2,,,0,30,2,1444,2,,,0,70,2,1431,2,,,0,30,2,1445,2,,,0,70,2,1432,2,,,0,29,2,1446,2,,,0,71,2,1433,2,,,0,30,2,1447,2,,,0,70,2,1434,2,,,0,100,2,1436,2,,,0,100,2,1437,2,,,0,100,2,1438,2,,,0,100,2,1439,2,,,0
1500,'4795',643,,342,1,,,0,100,2,355,2,,,0,70,2,338,2,,,0,13,,379,2,,,0,30,,368,2,,,0,57,2,340,2,,,0,13,,367,2,,,0,17,2,358,2,,,0,13,,363,2,,,0,70,,377,2,,,0,17,2,345,2,,,0,13,,362,2,,,0,57,2,339,2,,,0,13,,374,2,,,0,30,,365,2,,,0,57,2,341,2,,,0,13,,375,2,,,0,17,2,347,2,,,0,13,,364,2,,,0,70,,378,2,,,0,17,2,348,2,,,0,13,,371,2,,,0,57,2,343,2,,,0,13,,370,2,,,0,30,,361,2,,,0,57,2,357,2,,,0,13,,373,2,,,0,17,2,346,2,,,0,13,,360,2,,,0,70,,372,2,,,0,17,2,349,2,,,0,13,,359,2,,,0,57,2,356,2,,,0,13,,366,2,,,0,30,,369,2,,,0,57,2,344,2,,,0,13,,376,2,,,0,17,2,350,2,,,0,100,2,352,2,,,0,70,2,354,2,,,0,100,2,353,2,,,0,30,2,351,2,,,0
1500,'4796',713,2,380,2,,,0,130,2,390,2,,,0,170,2,382,2,,,0,130,2,383,2,,,0,170,2,381,2,,,0,130,2,385,2,,,0,170,2,389,2,,,0,130,2,384,2,,,0,170,2,387,2,,,0,130,2,388,2,,,0,170,2,386,2,,,0
1500,'4799',713,2,391,2,,,0,130,2,401,2,,,0,170,2,393,2,,,0,130,2,394,2,,,0,170,2,392,2,,,0,130,2,396,2,,,0,170,2,400,2,,,0,130,2,395,2,,,0,170,2,398,2,,,0,130,2,399,2,,,0,170,2,397,2,,,0,100,2,405,2,0,16 18,0,100,2,404,2,0,16 18,0,100,2,403,2,0,16 18,0,100,2,402,2,0,16 18,0
1500,'4800',713,2,433,2,,,0,100,2,406,2,,,0,100,2,407,2,,,0,100,2,410,2,,,0,30,2,409,2,,,0,70,2,408,2,,,0,30,2,412,2,,,0,70,2,413,2,,,0,30,2,414,2,,,0,70,2,411,2,,,0,30,2,419,2,,,0,70,2,420,2,,,0,30,2,417,2,,,0,70,2,415,2,,,0,30,2,422,2,,,0,70,2,423,2,,,0,29,2,421,2,,,0,71,2,416,2,,,0,30,2,424,2,,,0,70,2,418,2,,,0,30,2,434,2,,,0,70,2,426,2,,,0,100,2,427,2,,,0,100,2,428,2,,,0,100,2,425,2,,,0,100,2,431,2,0,16 18,0,100,2,432,2,0,16 18,0,100,2,429,2,0,16 18,0,100,2,430,2,0,16 18,0
1500,'5102',643,,1453,1,,,0,70,2,1470,2,,,0,30,2,1467,2,,,0,70,2,1449,2,,,0,30,2,1480,2,,,0,70,2,1451,2,,,0,30,2,1466,2,,,0,70,2,1472,2,,,0,30,2,1456,2,,,0,70,2,1450,2,,,0,30,2,1473,2,,,0,70,2,1452,2,,,0,30,2,1458,2,,,0,70,2,1471,2,,,0,30,2,1459,2,,,0,70,2,1454,2,,,0,30,2,1475,2,,,0,70,2,1469,2,,,0,30,2,1457,2,,,0,70,2,1479,2,,,0,30,2,1460,2,,,0,70,2,1468,2,,,0,30,2,1474,2,,,0,70,2,1455,2,,,0,30,2,1461,2,,,0,70,2,1477,2,,,0,30,2,1463,2,,,0,70,2,1465,2,,,0,30,2,1478,2,,,0,70,2,1464,2,,,0,30,2,1462,2,,,0,70,2,1476,2,,,0
1500,'5105',713,2,1504,2,,,0,100,2,1481,2,,,0,100,2,1482,2,,,0,100,2,1485,2,,,0,30,2,1484,2,,,0,70,2,1483,2,,,0,30,2,1487,2,,,0,70,2,1488,2,,,0,30,2,1489,2,,,0,70,2,1486,2,,,0,30,2,1494,2,,,0,70,2,1495,2,,,0,30,2,1492,2,,,0,70,2,1490,2,,,0,30,2,1497,2,,,0,70,2,1498,2,,,0,29,2,1496,2,,,0,71,2,1491,2,,,0,30,2,1499,2,,,0,70,2,1493,2,,,0,30,2,1505,2,,,0,70,2,1501,2,,,0,100,2,1502,2,,,0,100,2,1503,2,,,0,100,2,1500,2,,,0
