8900,'4327',648,,1957,11,,,0,100,,1965,11,,,0,101,,1956,42,,,0,100,,1954,42,,,0,100,,1945,42,,,0,100,,1947,42,,,0,100,,1946,42,,,0,70,,1966,42,,,0,30,,1948,42,,,0,70,,1964,42,,,0,30,,1949,42,,,0,70,,1962,42,,,0,30,,1950,42,,,0,70,,1963,42,,,0,30,,1951,42,,,0,70,,1967,42,,,0,30,,1953,42,,,0,100,,1955,42,,,0,100,,1952,42,,,0,100,,1959,42,,,0,100,,1961,42,,,0,100,,1958,42,,,0
8900,'4795',618,,984,11,,,0,30,,981,11,,,0,71,,983,20,,,0,40,,963,42,,,0,60,,980,42,,,0,22,,965,42,,,0,59,,970,42,,,0,19,,979,42,,,0,22,,966,42,,,0,59,,967,42,,,0,19,,953,42,,,0,30,,964,42,,,0,70,,973,42,,,0,30,,952,42,,,0,70,,956,42,,,0,30,,961,42,,,0,70,,977,42,,,0,30,,951,42,,,0,70,,955,42,,,0,30,,962,42,,,0,70,,976,42,,,0,18,,985,42,,,0,19,,954,42,,,0,63,,957,42,,,0,18,,986,42,,,0,19,,968,42,,,0,63,,975,42,,,0,30,,974,42,,,0,70,,960,42,,,0,30,,972,42,,,0,70,,969,42,,,0,30,,982,42,,,0,70,,959,42,,,0,100,,978,42,,,0,100,,958,42,,,0
8900,'4800',648,,1003,11,,,0,100,,1005,11,,,0,71,,1014,42,,,0,30,,987,42,,,0,70,,1013,42,,,0,30,,988,42,,,0,70,,1012,42,,,0,30,,989,42,,,0,70,,1009,42,,,0,30,,990,42,,,0,70,,1008,42,,,0,30,,992,42,,,0,70,,1004,42,,,0,30,,994,42,,,0,70,,1006,42,,,0,30,,991,42,,,0,70,,1007,42,,,0,30,,997,42,,,0,70,,1010,42,,,0,30,,998,42,,,0,70,,1011,42,,,0,30,,993,42,,,0,70,,1015,42,,,0,30,,996,42,,,0,70,,1016,42,,,0,30,,995,42,,,0,100,,999,42,,,0,100,,1000,42,,,0,100,,1001,42,,,0
8900,'5102',618,,2001,11,,,0,30,,1998,11,,,0,71,,2000,20,,,0,40,,1980,42,,,0,60,,1997,42,,,0,22,,1982,42,,,0,59,,1987,42,,,0,19,,1996,42,,,0,22,,1983,42,,,0,59,,1984,42,,,0,19,,1971,42,,,0,30,,1981,42,,,0,70,,1991,42,,,0,30,,1969,42,,,0,70,,1970,42,,,0,30,,1978,42,,,0,70,,1994,42,,,0,30,,1968,42,,,0,70,,1973,42,,,0,30,,1979,42,,,0,70,,1993,42,,,0,18,,2002,42,,,0,19,,1972,42,,,0,63,,1974,42,,,0,18,,2003,42,,,0,19,,1986,42,,,0,63,,1992,42,,,0,30,,1988,42,,,0,70,,1977,42,,,0,30,,1990,42,,,0,70,,1985,42,,,0,30,,1999,42,,,0,70,,1976,42,,,0,100,,1995,42,,,0,100,,1975,42,,,0
8900,'5105',648,,2020,11,,,0,100,,2022,11,,,0,71,,2031,42,,,0,30,,2004,42,,,0,70,,2030,42,,,0,30,,2005,42,,,0,70,,2029,42,,,0,30,,2006,42,,,0,70,,2026,42,,,0,30,,2007,42,,,0,70,,2025,42,,,0,30,,2009,42,,,0,70,,2021,42,,,0,30,,2011,42,,,0,70,,2023,42,,,0,30,,2008,42,,,0,70,,2024,42,,,0,30,,2014,42,,,0,70,,2027,42,,,0,30,,2015,42,,,0,70,,2028,42,,,0,30,,2010,42,,,0,70,,2032,42,,,0,30,,2013,42,,,0,70,,2033,42,,,0,30,,2012,42,,,0,100,,2016,42,,,0,100,,2017,42,,,0,100,,2018,42,,,0
9100,'4327',827,,2044,28,,,0,100,,2036,28,,,0,100,,2034,28,,,0,100,,2035,28,,,0,100,,2037,28,,,0,100,,2039,28,,,0,100,,2041,28,,,0,100,,2038,28,,,0,100,,2040,28,,,0,100,,2042,28,,,0,100,,2043,28,,,0
9100,'4795',727,,1028,28,,,0,100,,1030,28,,,0,100,,1031,28,,,0,100,,1034,28,,,0,100,,1029,28,,,0,100,,1036,28,,,0,100,,1033,28,,,0,100,,1035,28,,,0,100,,1037,28,,,0,101,,1032,28,,,0,100,,1038,28,,,0,99,,1039,28,,,0,100,,1040,28,,,0,100,,1041,28,,,0
9100,'4800',827,,1046,28,,,0,100,,1045,28,,,0,100,,1052,28,,,0,100,,1053,28,,,0,100,,1042,28,,,0,100,,1043,28,,,0,100,,1047,28,,,0,100,,1044,28,,,0,100,,1049,28,,,0,100,,1050,28,,,0,100,,1051,28,,,0,100,,1048,28,,,0,100,,1054,28,,,0
9100,'5102',727,,2045,28,,,0,100,,2047,28,,,0,100,,2048,28,,,0,100,,2051,28,,,0,100,,2046,28,,,0,100,,2053,28,,,0,100,,2050,28,,,0,100,,2052,28,,,0,100,,2055,28,,,0,101,,2049,28,,,0,100,,2056,28,,,0,99,,2057,28,,,0,100,,2054,28,,,0,100,,2058,28,,,0
9100,'5105',827,,2063,28,,,0,100,,2062,28,,,0,100,,2069,28,,,0,100,,2070,28,,,0,100,,2059,28,,,0,100,,2060,28,,,0,100,,2064,28,,,0,100,,2061,28,,,0,100,,2066,28,,,0,100,,2067,28,,,0,100,,2068,28,,,0,100,,2065,28,,,0,100,,2071,28,,,0
9701,'4795',823,,1102,33,0,8 9 10 11,0
9701,'5102',823,,2119,33,0,8 9 10 11,0
