1500,'4799',2317,2,405,6,0,16 18,0,100,2,404,6,0,16 18,0,100,2,403,6,0,16 18,0,100,2,402,6,0,16 18,0
1500,'4800',2317,2,431,6,0,16 18,0,100,2,432,6,0,16 18,0,100,2,429,6,0,16 18,0,100,2,430,6,0,16 18,0
4701,'4795',753,,744,13,,,0,100,,745,13,,,0,100,,748,13,,,0,100,,743,13,,,0,100,,746,13,,,0,100,,747,13,,,0,100,,736,13,,,0,100,,741,13,,,0,100,,739,13,,,0,100,,738,13,,,0,100,,742,13,,,0,100,,737,13,,,0,100,,740,13,,,0
4701,'5102',753,,1763,13,,,0,100,,1764,13,,,0,100,,1767,13,,,0,100,,1762,13,,,0,100,,1765,13,,,0,100,,1766,13,,,0,100,,1755,13,,,0,100,,1760,13,,,0,100,,1758,13,,,0,100,,1757,13,,,0,100,,1761,13,,,0,100,,1756,13,,,0,100,,1759,13,,,0
8801,'4327',718,2,1871,18,,,0,100,2,1870,18,,,0,100,2,1866,18,,,0,100,2,1860,18,,,0,100,2,1861,18,,,0,30,2,1880,18,,,0,70,2,1862,18,,,0,30,2,1879,18,,,0,70,2,1863,18,,,0,30,2,1876,18,,,0,70,2,1864,18,,,0,30,2,1877,18,,,0,70,2,1859,18,,,0,30,2,1878,18,,,0,70,2,1865,18,,,0,30,2,1881,18,,,0,70,2,1867,18,,,0,100,2,1868,18,,,0,100,2,1869,18,,,0,100,2,1872,18,,,0,100,2,1873,18,,,0,100,2,1874,18,,,0,90,,1875,18,0,5 6,0
8801,'4795',648,2,894,18,,,0,70,2,887,18,,,0,30,2,896,18,,,0,62,2,882,18,,,0,20,2,888,18,,,0,18,2,893,18,,,0,63,2,886,18,,,0,19,2,889,18,,,0,18,2,895,18,,,0,70,2,866,18,,,0,30,2,875,18,,,0,70,2,881,18,,,0,30,2,897,18,,,0,70,2,867,18,,,0,30,2,876,18,,,0,70,2,884,18,,,0,30,2,880,18,,,0,70,2,865,18,,,0,30,2,874,18,,,0,58,2,898,18,,,0,20,2,883,18,,,0,22,2,890,18,,,0,58,2,878,18,,,0,20,2,872,18,,,0,22,2,868,18,,,0,58,2,899,18,,,0,20,2,892,18,,,0,22,2,891,18,,,0,70,2,873,18,,,0,30,2,871,18,,,0,70,2,879,18,,,0,30,2,885,18,,,0,100,2,869,18,,,0,100,2,877,18,,,0,91,,870,18,0,5 6,0
8801,'4800',718,2,900,18,,,0,30,2,924,18,,,0,70,2,902,18,,,0,30,2,923,18,,,0,70,2,904,18,,,0,30,2,919,18,,,0,70,2,905,18,,,0,30,2,921,18,,,0,70,2,901,18,,,0,30,2,920,18,,,0,70,2,907,18,,,0,30,2,922,18,,,0,70,2,908,18,,,0,30,2,917,18,,,0,70,2,906,18,,,0,30,2,927,18,,,0,70,2,909,18,,,0,30,2,918,18,,,0,70,2,910,18,,,0,30,2,925,18,,,0,70,2,903,18,,,0,30,2,926,18,,,0,70,2,912,18,,,0,100,2,913,18,,,0,100,2,914,18,,,0,100,2,911,18,,,0,100,2,915,18,,,0,90,,916,18,0,5 6,0
8801,'5102',648,2,1911,18,,,0,70,2,1904,18,,,0,30,2,1913,18,,,0,62,2,1899,18,,,0,20,2,1905,18,,,0,18,2,1910,18,,,0,63,2,1903,18,,,0,19,2,1906,18,,,0,18,2,1912,18,,,0,70,2,1884,18,,,0,30,2,1892,18,,,0,70,2,1898,18,,,0,30,2,1914,18,,,0,70,2,1885,18,,,0,30,2,1893,18,,,0,70,2,1901,18,,,0,30,2,1897,18,,,0,70,2,1882,18,,,0,30,2,1891,18,,,0,58,2,1915,18,,,0,20,2,1900,18,,,0,22,2,1907,18,,,0,58,2,1895,18,,,0,20,2,1889,18,,,0,22,2,1883,18,,,0,58,2,1916,18,,,0,20,2,1909,18,,,0,22,2,1908,18,,,0,70,2,1890,18,,,0,30,2,1888,18,,,0,70,2,1896,18,,,0,30,2,1902,18,,,0,100,2,1886,18,,,0,100,2,1894,18,,,0,91,,1887,18,0,5 6,0
8801,'5105',718,2,1917,18,,,0,30,2,1941,18,,,0,70,2,1919,18,,,0,30,2,1940,18,,,0,70,2,1921,18,,,0,30,2,1936,18,,,0,70,2,1922,18,,,0,30,2,1938,18,,,0,70,2,1918,18,,,0,30,2,1937,18,,,0,70,2,1924,18,,,0,30,2,1939,18,,,0,70,2,1925,18,,,0,30,2,1934,18,,,0,70,2,1923,18,,,0,30,2,1944,18,,,0,70,2,1926,18,,,0,30,2,1935,18,,,0,70,2,1927,18,,,0,30,2,1942,18,,,0,70,2,1920,18,,,0,30,2,1943,18,,,0,70,2,1929,18,,,0,100,2,1930,18,,,0,100,2,1931,18,,,0,100,2,1928,18,,,0,100,2,1932,18,,,0,90,,1933,18,0,5 6,0
16101,'4798',1509,,1106,3,,,0
16101,'4800',1509,,1107,3,,,0
16101,'5105',1509,,2123,3,,,0
16101,'5122',1509,,2124,3,,,0
