4600,'4327',914,,1672,4,,,0,100,,1673,4,,,0,100,,1664,4,,,0,100,,1666,4,,,0,100,,1668,4,,,0,100,,1663,4,,,0,100,,1670,4,,,0,100,,1671,4,,,0,100,,1667,4,,,0,100,,1669,4,,,0,100,,1665,4,,,0
4600,'4795',741,,662,4,,,0,100,,663,4,,,0,100,,664,4,,,0,100,,666,4,,,0,100,,665,4,,,0,100,,667,4,,,0,100,,668,4,,,0,100,,655,4,,,0,100,,656,4,,,0,100,,657,4,,,0,100,,658,4,,,0,100,,659,4,,,0,100,,661,4,,,0,100,,660,4,,,0
4600,'4800',814,,669,4,,,0,100,,678,4,,,0,100,,682,4,,,0,100,,674,4,,,0,100,,671,4,,,0,100,,675,4,,,0,100,,677,4,,,0,100,,679,4,,,0,100,,672,4,,,0,100,,680,4,,,0,100,,676,4,,,0,100,,670,4,,,0,100,,681,4,,,0,100,,673,4,0,19,0
4600,'5102',741,,1681,4,,,0,100,,1682,4,,,0,100,,1683,4,,,0,100,,1685,4,,,0,100,,1684,4,,,0,100,,1686,4,,,0,100,,1687,4,,,0,100,,1674,4,,,0,100,,1675,4,,,0,100,,1676,4,,,0,100,,1677,4,,,0,100,,1678,4,,,0,100,,1680,4,,,0,100,,1679,4,,,0
4600,'5105',814,,1688,4,,,0,100,,1697,4,,,0,100,,1701,4,,,0,100,,1693,4,,,0,100,,1690,4,,,0,100,,1694,4,,,0,100,,1696,4,,,0,100,,1698,4,,,0,100,,1691,4,,,0,100,,1699,4,,,0,100,,1695,4,,,0,100,,1689,4,,,0,100,,1700,4,,,0,100,,1692,4,0,19,0
8900,'4327',812,,1956,19,,,0,100,,1954,19,,,0,100,,1945,19,,,0,100,,1947,19,,,0,100,,1946,19,,,0,30,,1966,19,,,0,70,,1948,19,,,0,30,,1964,19,,,0,70,,1949,19,,,0,30,,1962,19,,,0,70,,1950,19,,,0,30,,1963,19,,,0,70,,1951,19,,,0,30,,1967,19,,,0,70,,1953,19,,,0,100,,1955,19,,,0,100,,1952,19,,,0,100,,1959,19,,,0,100,,1961,19,,,0,100,,1958,19,,,0
8900,'4795',722,,963,19,,,0,20,,980,19,,,0,62,,965,19,,,0,19,,970,19,,,0,19,,979,19,,,0,62,,966,19,,,0,19,,967,19,,,0,19,,953,19,,,0,70,,964,19,,,0,30,,973,19,,,0,70,,952,19,,,0,30,,956,19,,,0,70,,961,19,,,0,30,,977,19,,,0,70,,951,19,,,0,30,,955,19,,,0,70,,962,19,,,0,30,,976,19,,,0,58,,985,19,,,0,19,,954,19,,,0,23,,957,19,,,0,58,,986,19,,,0,19,,968,19,,,0,23,,975,19,,,0,70,,974,19,,,0,30,,960,19,,,0,70,,972,19,,,0,30,,969,19,,,0,70,,982,19,,,0,30,,959,19,,,0,100,,978,19,,,0,100,,958,19,,,0
8900,'4800',742,,1014,19,,,0,70,,987,19,,,0,30,,1013,19,,,0,70,,988,19,,,0,30,,1012,19,,,0,70,,989,19,,,0,30,,1009,19,,,0,70,,990,19,,,0,30,,1008,19,,,0,70,,992,19,,,0,30,,1004,19,,,0,70,,994,19,,,0,30,,1006,19,,,0,70,,991,19,,,0,30,,1007,19,,,0,70,,997,19,,,0,30,,1010,19,,,0,70,,998,19,,,0,30,,1011,19,,,0,70,,993,19,,,0,30,,1015,19,,,0,70,,996,19,,,0,30,,1016,19,,,0,70,,995,19,,,0,100,,999,19,,,0,100,,1000,19,,,0,100,,1001,19,,,0
8900,'5102',722,,1980,19,,,0,20,,1997,19,,,0,62,,1982,19,,,0,19,,1987,19,,,0,19,,1996,19,,,0,62,,1983,19,,,0,19,,1984,19,,,0,19,,1971,19,,,0,70,,1981,19,,,0,30,,1991,19,,,0,70,,1969,19,,,0,30,,1970,19,,,0,70,,1978,19,,,0,30,,1994,19,,,0,70,,1968,19,,,0,30,,1973,19,,,0,70,,1979,19,,,0,30,,1993,19,,,0,58,,2002,19,,,0,19,,1972,19,,,0,23,,1974,19,,,0,58,,2003,19,,,0,19,,1986,19,,,0,23,,1992,19,,,0,70,,1988,19,,,0,30,,1977,19,,,0,70,,1990,19,,,0,30,,1985,19,,,0,70,,1999,19,,,0,30,,1976,19,,,0,100,,1995,19,,,0,100,,1975,19,,,0
8900,'5105',742,,2031,19,,,0,70,,2004,19,,,0,30,,2030,19,,,0,70,,2005,19,,,0,30,,2029,19,,,0,70,,2006,19,,,0,30,,2026,19,,,0,70,,2007,19,,,0,30,,2025,19,,,0,70,,2009,19,,,0,30,,2021,19,,,0,70,,2011,19,,,0,30,,2023,19,,,0,70,,2008,19,,,0,30,,2024,19,,,0,70,,2014,19,,,0,30,,2027,19,,,0,70,,2015,19,,,0,30,,2028,19,,,0,70,,2010,19,,,0,30,,2032,19,,,0,70,,2013,19,,,0,30,,2033,19,,,0,70,,2012,19,,,0,100,,2016,19,,,0,100,,2017,19,,,0,100,,2018,19,,,0
