500,'4528',708,,2179,1,,,0,28,,2188,1,,,0,65,,2178,1,,,0,35,,2189,1,,,0,65,,2177,1,,,0,35,,2190,1,,,0,100,,2194,1,,,0,100,,2195,1,,,0,100,,2191,1,,,0,100,,2192,1,,,0,100,,2193,1,,,0,100,,2183,1,,,0,70,,2197,1,,,0,30,,2181,1,,,0,70,,2180,1,,,0,30,,2182,1,,,0,70,,2198,1,,,0,30,,2186,1,,,0,100,,2184,1,,,0,100,,2185,1,,,0,100,,2187,1,,,0,100,,2196,1,,,0
500,'5015',738,,2200,1,,,0,98,,2204,1,,,0,100,,2201,1,,,0,100,,2208,1,,,0,100,,2199,1,,,0,100,,2209,1,,,0,100,,2213,1,,,0,100,,2211,1,,,0,100,,2202,1,,,0,100,,2210,1,,,0,100,,2212,1,,,0,100,,2206,1,,,0,100,,2207,1,,,0,100,,2205,1,,,0,100,,2203,1,,,0
500,'5221',738,,2220,1,,,0,98,,2214,1,,,0,100,,2219,1,,,0,100,,2218,1,,,0,100,,2221,1,,,0,100,,2215,1,,,0,100,,2216,1,,,0,100,,2217,1,,,0,100,,2228,1,,,0,100,,2227,1,,,0,100,,2226,1,,,0,100,,2225,1,,,0,100,,2224,1,,,0,100,,2222,1,,,0,100,,2223,1,,,0
501,'4528',708,,2229,10,4,,0,24,,2240,25,4,,0,68,,2231,25,4,,0,33,,2241,25,4,,0,68,,2232,25,4,,0,32,,2242,25,4,,0,100,,2239,25,4,,0,100,,2244,25,4,,0,100,,2246,25,4,,0,100,,2243,25,4,,0,100,,2247,25,4,,0,100,,2245,25,4,,0,70,,2249,25,4,,0,30,,2248,25,4,,0,70,,2230,25,4,,0,30,,2235,25,4,,0,68,,2250,25,4,,0,31,,2237,25,4,,0,100,,2236,25,4,,0,100,,2234,25,4,,0,100,,2233,25,4,,0,99,,2238,25,4,,0
501,'5015',735,,2262,10,4,,0,98,,2261,25,4,,0,100,,2252,25,4,,0,100,,2263,25,4,,0,100,,2258,25,4,,0,100,,2264,25,4,,0,100,,2251,25,4,,0,100,,2260,25,4,,0,100,,2254,25,4,,0,100,,2265,25,4,,0,100,,2259,25,4,,0,100,,2255,25,4,,0,100,,2253,25,4,,0,100,,2256,25,4,,0,100,,2257,25,4,,0
501,'5221',735,,2273,10,4,,0,98,,2272,25,4,,0,100,,2267,25,4,,0,100,,2266,25,4,,0,100,,2269,25,4,,0,100,,2271,25,4,,0,100,,2270,25,4,,0,100,,2268,25,4,,0,100,,2280,25,4,,0,100,,2279,25,4,,0,100,,2278,25,4,,0,100,,2277,25,4,,0,100,,2276,25,4,,0,100,,2274,25,4,,0,100,,2275,25,4,,0
55019,'4528',729,,2794,1,,,0,80,,2792,1,,,0,20,,2795,1,,,0,80,,2791,1,,,0,20,,2796,1,,,0,100,,2786,1,,,0,100,,2782,1,,,0,100,,2798,1,,,0,100,,2797,1,,,0,100,,2789,1,,,0,99,,2793,1,,,0,103,,2783,1,,,0,72,,2790,1,,,0,29,,2784,1,,,0,72,,2799,1,,,0,28,,2785,1,,,0,72,,2800,1,,,0,26,,2787,1,,,0,100,,2788,1,,,0
55019,'5015',752,,2801,1,,,0,148,,2802,1,,,0,100,,2807,1,,,0,100,,2804,1,,,0,100,,2806,1,,,0,100,,2805,1,,,0,100,,2803,1,,,0,100,,2814,1,,,0,100,,2810,1,,,0,100,,2815,1,,,0,100,,2811,1,,,0,100,,2809,1,,,0,100,,2813,1,,,0,100,,2808,1,,,0,100,,2812,1,,,0
55019,'5221',900,,2820,1,,,0,100,,2826,1,,,0,100,,2818,1,,,0,100,,2819,1,,,0,100,,2821,1,,,0,100,,2817,1,,,0,100,,2822,1,,,0,100,,2816,1,,,0,100,,2825,1,,,0,100,,2824,1,,,0,100,,2823,1,,,0
55029,'4528',729,,2840,22,4,,0,79,,2827,35,4,,0,20,,2845,35,4,,0,80,,2829,35,4,,0,20,,2832,35,4,,0,100,,2841,35,4,,0,101,,2842,35,4,,0,100,,2844,35,4,,0,100,,2843,35,4,,0,100,,2846,35,4,,0,99,,2833,35,4,,0,103,,2830,35,4,,0,72,,2836,35,4,,0,29,,2828,35,4,,0,72,,2839,35,4,,0,28,,2831,35,4,,0,70,,2838,35,4,,0,28,,2835,35,4,,0,100,,2834,35,4,,0
55029,'5015',752,,2848,22,4,,0,148,,2850,35,4,,0,100,,2853,35,4,,0,100,,2851,35,4,,0,100,,2849,35,4,,0,100,,2855,35,4,,0,100,,2852,35,4,,0,100,,2854,35,4,,0,100,,2859,35,4,,0,100,,2858,35,4,,0,100,,2856,35,4,,0,100,,2847,35,4,,0,100,,2861,35,4,,0,100,,2860,35,4,,0,100,,2857,35,4,,0
55029,'5221',900,,2868,36,4,,0,100,,2870,36,4,,0,100,,2869,36,4,,0,100,,2871,36,4,,0,100,,2864,36,4,,0,100,,2872,36,4,,0,100,,2866,36,4,,0,100,,2863,36,4,,0,100,,2862,36,4,,0,100,,2867,36,4,,0,100,,2865,36,4,,0
8900,'4528',717,,2971,16,,,0,20,,2988,16,,,0,22,,2973,16,,,0,59,,2978,16,,,0,19,,2987,16,,,0,22,,2974,16,,,0,59,,2975,16,,,0,19,,2962,16,,,0,70,,2972,16,,,0,30,,2982,16,,,0,70,,2960,16,,,0,30,,2961,16,,,0,70,,2969,16,,,0,30,,2985,16,,,0,70,,2959,16,,,0,30,,2964,16,,,0,70,,2970,16,,,0,30,,2984,16,,,0,18,,2993,16,,,0,59,,2963,16,,,0,23,,2965,16,,,0,18,,2994,16,,,0,59,,2977,16,,,0,23,,2983,16,,,0,70,,2979,16,,,0,30,,2968,16,,,0,70,,2981,16,,,0,30,,2976,16,,,0,70,,2990,16,,,0,30,,2967,16,,,0,100,,2986,16,,,0,100,,2966,16,,,0,100,,2980,16,4,,0
8900,'5015',737,,3022,16,,,0,70,,2995,16,,,0,30,,3021,16,,,0,70,,2996,16,,,0,30,,3020,16,,,0,70,,2997,16,,,0,30,,3017,16,,,0,70,,2998,16,,,0,30,,3016,16,,,0,70,,3000,16,,,0,30,,3012,16,,,0,70,,3002,16,,,0,30,,3014,16,,,0,70,,2999,16,,,0,30,,3015,16,,,0,70,,3005,16,,,0,30,,3018,16,,,0,70,,3006,16,,,0,30,,3019,16,,,0,70,,3001,16,,,0,30,,3023,16,,,0,70,,3004,16,,,0,30,,3024,16,,,0,70,,3003,16,,,0,100,,3007,16,,,0,100,,3008,16,,,0,100,,3009,16,,,0,100,,3010,16,4,,0
8900,'5221',807,,3036,16,,,0,100,,3034,16,,,0,100,,3025,16,,,0,100,,3026,16,,,0,100,,3027,16,,,0,30,,3047,16,,,0,70,,3028,16,,,0,30,,3045,16,,,0,70,,3029,16,,,0,30,,3042,16,,,0,70,,3030,16,,,0,30,,3043,16,,,0,70,,3031,16,,,0,30,,3044,16,,,0,70,,3033,16,,,0,100,,3035,16,,,0,100,,3032,16,,,0,100,,3039,16,,,0,100,,3041,16,,,0,100,,3038,16,,,0,100,,3040,16,4,,0
16101,'5015',1516,,3127,4,,,0
16101,'5212',1516,,3128,4,,,0
