9101,'4327',841,,2081,21,,,0,100,,2073,21,,,0,100,,2076,21,,,0,100,,2074,21,,,0,100,,2075,21,,,0,100,,2077,21,,,0,100,,2072,21,,,0,100,,2078,21,,,0,100,,2079,21,,,0,100,,2080,21,,,0,100,,2082,21,,,0
9101,'4795',641,,1066,21,,,0,100,,1068,21,,,0,100,,1069,21,,,0,100,,1070,21,,,0,100,,1067,21,,,0,100,,1071,21,,,0,100,,1072,21,,,0,100,,1075,21,,,0,100,,1074,21,,,0,100,,1076,21,,,0,101,,1073,21,,,0,100,,1079,21,,,0,99,,1077,21,,,0,100,,1078,21,,,0,100,,1080,21,,,0
9101,'4800',841,,1081,21,,,0,100,,1082,21,,,0,100,,1084,21,,,0,100,,1086,21,,,0,100,,1083,21,,,0,100,,1087,21,,,0,100,,1085,21,,,0,100,,1089,21,,,0,100,,1090,21,,,0,100,,1091,21,,,0,100,,1088,21,,,0,100,,1092,21,,,0,100,,1093,21,,,0
9101,'5102',641,,2084,21,,,0,100,,2083,21,,,0,100,,2086,21,,,0,100,,2087,21,,,0,100,,2085,21,,,0,100,,2088,21,,,0,100,,2089,21,,,0,100,,2092,21,,,0,100,,2091,21,,,0,100,,2093,21,,,0,101,,2090,21,,,0,100,,2096,21,,,0,99,,2094,21,,,0,100,,2095,21,,,0,100,,2097,21,,,0
9101,'5105',841,,2098,21,,,0,100,,2099,21,,,0,100,,2101,21,,,0,100,,2103,21,,,0,100,,2100,21,,,0,100,,2104,21,,,0,100,,2102,21,,,0,100,,2106,21,,,0,100,,2107,21,,,0,100,,2108,21,,,0,100,,2105,21,,,0,100,,2109,21,,,0,100,,2110,21,,,0
9600,'4795',821,,1095,4,,,0,3,,1094,4,,,0
9600,'5102',821,,2112,4,,,0,3,,2111,4,,,0
9601,'4795',1511,,1099,4,0,7,0,5,,1098,4,0,7,0
9601,'5102',1511,,2116,4,0,7,0,5,,2115,4,0,7,0
9701,'4795',822,,1102,32,0,8 9 10 11,0
9701,'5102',822,,2119,32,0,8 9 10 11,0
