500,'4327',807,,1166,37,4,,0,98,,1160,37,4,,0,100,,1165,37,4,,0,100,,1164,37,4,,0,100,,1167,37,4,,0,100,,1161,37,4,,0,100,,1162,37,4,,0,100,,1163,37,4,,0,100,,1174,37,4,,0,100,,1173,37,4,,0,100,,1172,37,4,,0,100,,1171,37,4,,0,100,,1170,37,4,,0,100,,1168,37,4,,0,100,,1169,37,4,,0
500,'4795',737,,66,37,4,,0,68,,75,37,4,,0,25,,65,37,4,,0,75,,76,37,4,,0,25,,64,37,4,,0,75,,77,37,4,,0,100,,81,37,4,,0,100,,82,37,4,,0,100,,78,37,4,,0,100,,79,37,4,,0,100,,80,37,4,,0,100,,70,37,4,,0,30,,84,37,4,,0,70,,68,37,4,,0,30,,67,37,4,,0,70,,69,37,4,,0,30,,85,37,4,,0,70,,72,37,4,,0,100,,73,37,4,,0,100,,71,37,4,,0,100,,74,37,4,,0,100,,83,37,4,,0
500,'4800',807,,87,37,4,,0,98,,91,37,4,,0,100,,88,37,4,,0,100,,95,37,4,,0,100,,86,37,4,,0,100,,96,37,4,,0,100,,100,37,4,,0,100,,99,37,4,,0,100,,89,37,4,,0,100,,97,37,4,,0,100,,98,37,4,,0,100,,93,37,4,,0,100,,94,37,4,,0,100,,92,37,4,,0,100,,90,37,4,,0
500,'5102',737,,1177,37,4,,0,68,,1186,37,4,,0,25,,1176,37,4,,0,75,,1187,37,4,,0,25,,1175,37,4,,0,75,,1188,37,4,,0,100,,1192,37,4,,0,100,,1193,37,4,,0,100,,1189,37,4,,0,100,,1190,37,4,,0,100,,1191,37,4,,0,100,,1181,37,4,,0,30,,1195,37,4,,0,70,,1179,37,4,,0,30,,1178,37,4,,0,70,,1180,37,4,,0,30,,1196,37,4,,0,70,,1184,37,4,,0,100,,1182,37,4,,0,100,,1183,37,4,,0,100,,1185,37,4,,0,100,,1194,37,4,,0
500,'5105',807,,1198,37,4,,0,98,,1202,37,4,,0,100,,1199,37,4,,0,100,,1206,37,4,,0,100,,1197,37,4,,0,100,,1207,37,4,,0,100,,1211,37,4,,0,100,,1210,37,4,,0,100,,1200,37,4,,0,100,,1208,37,4,,0,100,,1209,37,4,,0,100,,1204,37,4,,0,100,,1205,37,4,,0,100,,1203,37,4,,0,100,,1201,37,4,,0
501,'4327',811,,1218,1,,,0,100,,1213,1,,,0,100,,1212,1,,,0,100,,1215,1,,,0,100,,1217,1,,,0,100,,1216,1,,,0,100,,1214,1,,,0,100,,1226,1,,,0,100,,1225,1,,,0,100,,1224,1,,,0,100,,1223,1,,,0,100,,1222,1,,,0,100,,1220,1,,,0,100,,1221,1,,,0
501,'4795',711,,127,1,,,0,28,,118,1,,,0,72,,128,1,,,0,28,,119,1,,,0,72,,129,1,,,0,100,,126,1,,,0,100,,131,1,,,0,100,,133,1,,,0,100,,130,1,,,0,99,,134,1,,,0,99,,132,1,,,0,31,,136,1,,,0,70,,135,1,,,0,30,,117,1,,,0,71,,122,1,,,0,29,,137,1,,,0,71,,124,1,,,0,100,,123,1,,,0,100,,121,1,,,0,100,,120,1,,,0,100,,125,1,,,0
501,'4800',811,,148,1,,,0,100,,139,1,,,0,100,,150,1,,,0,100,,145,1,,,0,100,,151,1,,,0,100,,138,1,,,0,100,,147,1,,,0,100,,141,1,,,0,100,,152,1,,,0,100,,146,1,,,0,100,,142,1,,,0,100,,140,1,,,0,100,,143,1,,,0,100,,144,1,,,0
501,'5102',711,,1238,1,,,0,28,,1229,1,,,0,72,,1239,1,,,0,28,,1230,1,,,0,72,,1240,1,,,0,100,,1237,1,,,0,100,,1242,1,,,0,100,,1244,1,,,0,100,,1241,1,,,0,99,,1245,1,,,0,99,,1243,1,,,0,31,,1247,1,,,0,70,,1246,1,,,0,30,,1228,1,,,0,71,,1233,1,,,0,29,,1248,1,,,0,71,,1235,1,,,0,100,,1234,1,,,0,100,,1232,1,,,0,100,,1231,1,,,0,100,,1236,1,,,0
501,'5105',811,,1259,1,,,0,100,,1250,1,,,0,100,,1261,1,,,0,100,,1256,1,,,0,100,,1262,1,,,0,100,,1249,1,,,0,100,,1258,1,,,0,100,,1252,1,,,0,100,,1263,1,,,0,100,,1257,1,,,0,100,,1253,1,,,0,100,,1251,1,,,0,100,,1254,1,,,0,100,,1255,1,,,0
4700,'4795',732,,735,30,,,0,103,,723,30,,,0,99,,733,30,,,0,100,,729,30,,,0,100,,732,30,,,0,100,,734,30,,,0,100,,722,30,,,0,100,,731,30,,,0,101,,724,30,,,0,100,,730,30,,,0,99,,726,30,,,0,98,,727,30,,,0,100,,728,30,,,0,100,,725,30,,,0
4700,'5102',732,,1754,30,,,0,103,,1742,30,,,0,99,,1752,30,,,0,100,,1748,30,,,0,100,,1751,30,,,0,100,,1753,30,,,0,100,,1741,30,,,0,100,,1750,30,,,0,101,,1743,30,,,0,100,,1749,30,,,0,99,,1745,30,,,0,98,,1746,30,,,0,100,,1747,30,,,0,100,,1744,30,,,0
