501,'4327',822,,1218,15,,,0,100,,1213,15,,,0,100,,1212,15,,,0,100,,1215,15,,,0,100,,1217,15,,,0,100,,1216,15,,,0,100,,1214,15,,,0,100,,1226,15,,,0,100,,1225,15,,,0,100,,1224,15,,,0,100,,1223,15,,,0,100,,1222,15,,,0,100,,1220,15,,,0,100,,1221,15,,,0
501,'4795',721,,127,15,,,0,28,,118,15,,,0,73,,128,15,,,0,28,,119,15,,,0,72,,129,15,,,0,100,,126,15,,,0,100,,131,15,,,0,100,,133,15,,,0,100,,130,15,,,0,100,,134,15,,,0,99,,132,15,,,0,30,,136,15,,,0,70,,135,15,,,0,30,,117,15,,,0,71,,122,15,,,0,28,,137,15,,,0,71,,124,15,,,0,100,,123,15,,,0,100,,121,15,,,0,100,,120,15,,,0,100,,125,15,,,0
501,'4800',822,,148,15,,,0,100,,139,15,,,0,100,,150,15,,,0,100,,145,15,,,0,100,,151,15,,,0,100,,138,15,,,0,100,,147,15,,,0,100,,141,15,,,0,100,,152,15,,,0,100,,146,15,,,0,100,,142,15,,,0,100,,140,15,,,0,100,,143,15,,,0,100,,144,15,,,0
501,'5102',721,,1238,15,,,0,28,,1229,15,,,0,73,,1239,15,,,0,28,,1230,15,,,0,72,,1240,15,,,0,100,,1237,15,,,0,100,,1242,15,,,0,100,,1244,15,,,0,100,,1241,15,,,0,100,,1245,15,,,0,99,,1243,15,,,0,30,,1247,15,,,0,70,,1246,15,,,0,30,,1228,15,,,0,71,,1233,15,,,0,28,,1248,15,,,0,71,,1235,15,,,0,100,,1234,15,,,0,100,,1232,15,,,0,100,,1231,15,,,0,100,,1236,15,,,0
501,'5105',822,,1259,15,,,0,100,,1250,15,,,0,100,,1261,15,,,0,100,,1256,15,,,0,100,,1262,15,,,0,100,,1249,15,,,0,100,,1258,15,,,0,100,,1252,15,,,0,100,,1263,15,,,0,100,,1257,15,,,0,100,,1253,15,,,0,100,,1251,15,,,0,100,,1254,15,,,0,100,,1255,15,,,0
5500,'4327',909,,1772,13,0,18,0,100,,1778,13,0,18,0,100,,1769,13,0,18,0,100,,1771,13,0,18,0,100,,1773,13,0,18,0,100,,1768,13,0,18,0,100,,1774,13,0,18,0,100,,1770,13,0,18,0,100,,1777,13,0,18,0,100,,1776,13,0,18,0,100,,1775,13,0,18,0
5500,'4795',739,,785,13,0,18,0,80,,781,13,0,18,0,20,,787,13,0,18,0,80,,782,13,0,18,0,20,,793,13,0,18,0,100,,771,13,0,18,0,100,,763,13,0,18,0,100,,795,13,0,18,0,100,,794,13,0,18,0,99,,778,13,0,18,0,101,,783,13,0,18,0,72,,799,13,0,18,0,31,,766,13,0,18,0,72,,780,13,0,18,0,29,,768,13,0,18,0,72,,797,13,0,18,0,28,,769,13,0,18,0,71,,798,13,0,18,0,26,,773,13,0,18,0,100,,777,13,0,18,0
5500,'4800',801,,801,13,0,18,0,108,,802,13,0,18,0,100,,807,13,0,18,0,100,,804,13,0,18,0,100,,806,13,0,18,0,100,,805,13,0,18,0,100,,803,13,0,18,0,100,,814,13,0,18,0,100,,810,13,0,18,0,100,,815,13,0,18,0,100,,811,13,0,18,0,100,,809,13,0,18,0,100,,813,13,0,18,0,100,,808,13,0,18,0,100,,812,13,0,18,0
5500,'5102',739,,1804,13,0,18,0,80,,1801,13,0,18,0,20,,1806,13,0,18,0,80,,1800,13,0,18,0,20,,1812,13,0,18,0,100,,1790,13,0,18,0,100,,1782,13,0,18,0,100,,1814,13,0,18,0,100,,1813,13,0,18,0,99,,1797,13,0,18,0,101,,1802,13,0,18,0,103,,1785,13,0,18,0,72,,1799,13,0,18,0,29,,1787,13,0,18,0,72,,1816,13,0,18,0,28,,1788,13,0,18,0,71,,1817,13,0,18,0,26,,1792,13,0,18,0,100,,1796,13,0,18,0
5500,'5105',801,,1818,13,0,18,0,108,,1819,13,0,18,0,100,,1824,13,0,18,0,100,,1821,13,0,18,0,100,,1823,13,0,18,0,100,,1822,13,0,18,0,100,,1820,13,0,18,0,100,,1831,13,0,18,0,100,,1827,13,0,18,0,100,,1832,13,0,18,0,100,,1828,13,0,18,0,100,,1826,13,0,18,0,100,,1830,13,0,18,0,100,,1825,13,0,18,0,100,,1829,13,0,18,0
