1500,'4327',724,,1448,13,,,0,100,,1435,13,,,0,100,,1430,13,,,0,100,,1425,13,,,0,30,,1440,13,,,0,70,,1426,13,,,0,30,,1441,13,,,0,70,,1427,13,,,0,30,,1442,13,,,0,70,,1428,13,,,0,30,,1443,13,,,0,70,,1429,13,,,0,30,,1444,13,,,0,70,,1431,13,,,0,30,,1445,13,,,0,70,,1432,13,,,0,29,,1446,13,,,0,71,,1433,13,,,0,30,,1447,13,,,0,70,,1434,13,,,0,100,,1436,13,,,0,100,,1437,13,,,0,100,,1438,13,,,0,100,,1439,13,,,0
1500,'4795',654,,342,12,,,0,100,,355,13,,,0,70,,338,13,,,0,11,,379,13,,,0,70,,368,13,,,0,19,,340,13,,,0,11,,367,13,,,0,19,,358,13,,,0,51,,363,13,,,0,30,,377,13,,,0,19,,345,13,,,0,51,,362,13,,,0,19,,339,13,,,0,11,,374,13,,,0,70,,365,13,,,0,19,,341,13,,,0,11,,375,13,,,0,19,,347,13,,,0,51,,364,13,,,0,30,,378,13,,,0,19,,348,13,,,0,51,,371,13,,,0,19,,343,13,,,0,11,,370,13,,,0,70,,361,13,,,0,19,,357,13,,,0,11,,373,13,,,0,19,,346,13,,,0,51,,360,13,,,0,30,,372,13,,,0,19,,349,13,,,0,51,,359,13,,,0,19,,356,13,,,0,11,,366,13,,,0,70,,369,13,,,0,19,,344,13,,,0,11,,376,13,,,0,19,,350,13,,,0,100,,352,13,,,0,70,,354,13,,,0,100,,353,13,,,0,30,,351,13,,,0
1500,'4796',724,,380,13,,,0,130,,390,13,,,0,170,,382,13,,,0,130,,383,13,,,0,170,,381,13,,,0,130,,385,13,,,0,170,,389,13,,,0,130,,384,13,,,0,170,,387,13,,,0,130,,388,13,,,0,170,,386,13,,,0
1500,'4799',724,,391,13,,,0,130,,401,13,,,0,170,,393,13,,,0,130,,394,13,,,0,170,,392,13,,,0,130,,396,13,,,0,170,,400,13,,,0,130,,395,13,,,0,170,,398,13,,,0,130,,399,13,,,0,170,,397,13,,,0,101,,405,15,0,16 18,0,100,,404,15,0,16 18,0,100,,403,15,0,16 18,0,100,,402,15,0,16 18,0
1500,'4800',724,,433,13,,,0,100,,406,13,,,0,100,,407,13,,,0,100,,410,13,,,0,30,,409,13,,,0,70,,408,13,,,0,30,,412,13,,,0,70,,413,13,,,0,30,,414,13,,,0,70,,411,13,,,0,30,,419,13,,,0,70,,420,13,,,0,30,,417,13,,,0,70,,415,13,,,0,30,,422,13,,,0,70,,423,13,,,0,29,,421,13,,,0,71,,416,13,,,0,30,,424,13,,,0,70,,418,13,,,0,30,,434,13,,,0,70,,426,13,,,0,100,,427,13,,,0,100,,428,13,,,0,100,,425,13,,,0,101,,431,15,0,16 18,0,100,,432,15,0,16 18,0,100,,429,15,0,16 18,0,100,,430,15,0,16 18,0
1500,'5102',654,,1453,12,,,0,70,,1470,13,,,0,30,,1467,13,,,0,70,,1449,13,,,0,30,,1480,13,,,0,70,,1451,13,,,0,30,,1466,13,,,0,70,,1472,13,,,0,30,,1456,13,,,0,70,,1450,13,,,0,30,,1473,13,,,0,70,,1452,13,,,0,30,,1458,13,,,0,70,,1471,13,,,0,30,,1459,13,,,0,70,,1454,13,,,0,30,,1475,13,,,0,70,,1469,13,,,0,30,,1457,13,,,0,70,,1479,13,,,0,30,,1460,13,,,0,70,,1468,13,,,0,30,,1474,13,,,0,70,,1455,13,,,0,30,,1461,13,,,0,70,,1477,13,,,0,30,,1463,13,,,0,70,,1465,13,,,0,30,,1478,13,,,0,70,,1464,13,,,0,30,,1462,13,,,0,70,,1476,13,,,0
1500,'5105',724,,1504,13,,,0,100,,1481,13,,,0,100,,1482,13,,,0,100,,1485,13,,,0,30,,1484,13,,,0,70,,1483,13,,,0,30,,1487,13,,,0,70,,1488,13,,,0,30,,1489,13,,,0,70,,1486,13,,,0,30,,1494,13,,,0,70,,1495,13,,,0,30,,1492,13,,,0,70,,1490,13,,,0,30,,1497,13,,,0,70,,1498,13,,,0,29,,1496,13,,,0,71,,1491,13,,,0,30,,1499,13,,,0,70,,1493,13,,,0,30,,1505,13,,,0,70,,1501,13,,,0,100,,1502,13,,,0,100,,1503,13,,,0,100,,1500,13,,,0
4600,'4327',923,,1672,16,,,0,100,,1673,16,,,0,100,,1664,16,,,0,100,,1666,16,,,0,100,,1668,16,,,0,100,,1663,16,,,0,100,,1670,16,,,0,100,,1671,16,,,0,100,,1667,16,,,0,100,,1669,16,,,0,100,,1665,16,,,0
4600,'4795',751,,662,16,,,0,101,,663,16,,,0,99,,664,16,,,0,100,,666,16,,,0,100,,665,16,,,0,100,,667,16,,,0,100,,668,16,,,0,100,,655,16,,,0,100,,656,16,,,0,100,,657,16,,,0,100,,658,16,,,0,100,,659,16,,,0,99,,661,16,,,0,100,,660,16,,,0
4600,'4800',823,,669,16,,,0,100,,678,16,,,0,100,,682,16,,,0,100,,674,16,,,0,100,,671,16,,,0,100,,675,16,,,0,100,,677,16,,,0,100,,679,16,,,0,100,,672,16,,,0,100,,680,16,,,0,100,,676,16,,,0,100,,670,16,,,0,100,,681,16,,,0,100,,673,16,4,,0
4600,'5102',751,,1681,16,,,0,101,,1682,16,,,0,99,,1683,16,,,0,100,,1685,16,,,0,100,,1684,16,,,0,100,,1686,16,,,0,100,,1687,16,,,0,100,,1674,16,,,0,100,,1675,16,,,0,100,,1676,16,,,0,100,,1677,16,,,0,100,,1678,16,,,0,99,,1680,16,,,0,100,,1679,16,,,0
4600,'5105',823,,1688,16,,,0,100,,1697,16,,,0,100,,1701,16,,,0,100,,1693,16,,,0,100,,1690,16,,,0,100,,1694,16,,,0,100,,1696,16,,,0,100,,1698,16,,,0,100,,1691,16,,,0,100,,1699,16,,,0,100,,1695,16,,,0,100,,1689,16,,,0,100,,1700,16,,,0,100,,1692,16,4,,0
