4600,'4528',736,,2684,1,,,0,100,,2685,1,,,0,100,,2686,1,,,0,100,,2688,1,,,0,100,,2687,1,,,0,100,,2689,1,,,0,100,,2690,1,,,0,100,,2677,1,,,0,100,,2678,1,,,0,100,,2679,1,,,0,100,,2680,1,,,0,100,,2681,1,,,0,100,,2683,1,,,0,100,,2682,1,,,0
4600,'4532',809,,2691,1,,,0,100,,2700,1,,,0,100,,2704,1,,,0,100,,2696,1,,,0,100,,2693,1,,,0,100,,2697,1,,,0,100,,2699,1,,,0,100,,2701,1,,,0,100,,2694,1,,,0,100,,2702,1,,,0,100,,2698,1,,,0,100,,2692,1,,,0,100,,2703,1,,,0,100,,2695,1,0,12,0
4600,'5221',909,,2714,1,,,0,100,,2715,1,,,0,100,,2706,1,,,0,100,,2708,1,,,0,100,,2710,1,,,0,100,,2705,1,,,0,100,,2712,1,,,0,100,,2713,1,,,0,100,,2709,1,,,0,100,,2711,1,,,0,100,,2707,1,,,0
4601,'4528',732,,2722,32,4,,0,100,,2723,32,4,,0,100,,2724,32,4,,0,100,,2726,32,4,,0,100,,2727,32,4,,0,100,,2725,32,4,,0,100,,2728,32,4,,0,100,,2729,32,4,,0,100,,2721,32,4,,0,101,,2716,32,4,,0,100,,2718,32,4,,0,98,,2717,32,4,,0,100,,2719,32,4,,0,100,,2720,32,4,,0
4601,'4532',809,,2742,32,4,,0,100,,2730,32,4,,0,100,,2743,32,4,,0,100,,2731,32,4,,0,100,,2741,32,4,,0,100,,2736,32,4,,0,100,,2737,32,4,,0,100,,2738,32,4,,0,100,,2732,32,4,,0,100,,2739,32,4,,0,100,,2733,32,4,,0,100,,2740,32,4,,0,100,,2735,32,4,,0,100,,2734,32,4,,0
4601,'5221',909,,2750,32,4,,0,100,,2749,32,4,,0,100,,2751,32,4,,0,100,,2748,32,4,,0,100,,2747,32,4,,0,100,,2746,32,4,,0,100,,2744,32,4,,0,100,,2754,32,4,,0,100,,2753,32,4,,0,100,,2745,32,4,,0,100,,2752,32,4,,0
4700,'4528',707,,2768,1,,,0,100,,2756,1,,,0,100,,2766,1,,,0,100,,2762,1,,,0,100,,2765,1,,,0,100,,2767,1,,,0,100,,2755,1,,,0,100,,2764,1,,,0,100,,2757,1,,,0,100,,2763,1,,,0,100,,2759,1,,,0,100,,2760,1,,,0,100,,2761,1,,,0,100,,2758,1,,,0
4701,'4528',803,,2777,18,4,,0,100,,2778,18,4,,0,100,,2781,18,4,,0,100,,2776,18,4,,0,100,,2779,18,4,,0,100,,2780,18,4,,0,100,,2769,18,4,,0,100,,2774,18,4,,0,100,,2772,18,4,,0,100,,2771,18,4,,0,100,,2775,18,4,,0,100,,2770,18,4,,0,100,,2773,18,4,,0
8801,'4528',657,,2902,23,,,0,70,,2895,23,,,0,30,,2904,23,,,0,62,,2890,23,,,0,20,,2896,23,,,0,18,,2901,23,,,0,63,,2894,23,,,0,19,,2897,23,,,0,18,,2903,23,,,0,70,,2875,23,,,0,30,,2883,23,,,0,70,,2889,23,,,0,30,,2905,23,,,0,70,,2876,23,,,0,30,,2884,23,,,0,70,,2892,23,,,0,30,,2888,23,,,0,70,,2873,23,,,0,30,,2882,23,,,0,58,,2906,23,,,0,20,,2891,23,,,0,22,,2898,23,,,0,58,,2886,23,,,0,20,,2880,23,,,0,22,,2874,23,,,0,58,,2907,23,,,0,20,,2900,23,,,0,22,,2899,23,,,0,70,,2881,23,,,0,30,,2879,23,,,0,70,,2887,23,,,0,30,,2893,23,,,0,100,,2877,23,,,0,100,,2885,23,,,0,91,,2878,23,4,,0
8801,'4532',727,,2908,23,,,0,30,,2932,23,,,0,70,,2910,23,,,0,30,,2931,23,,,0,70,,2912,23,,,0,30,,2927,23,,,0,70,,2913,23,,,0,30,,2929,23,,,0,70,,2909,23,,,0,30,,2928,23,,,0,70,,2915,23,,,0,30,,2930,23,,,0,70,,2916,23,,,0,30,,2925,23,,,0,70,,2914,23,,,0,30,,2935,23,,,0,70,,2917,23,,,0,30,,2926,23,,,0,70,,2918,23,,,0,30,,2933,23,,,0,70,,2911,23,,,0,30,,2934,23,,,0,70,,2920,23,,,0,100,,2921,23,,,0,100,,2922,23,,,0,100,,2919,23,,,0,100,,2923,23,,,0,90,,2924,23,4,,0
8801,'5221',727,,2948,23,,,0,100,,2947,23,,,0,100,,2943,23,,,0,100,,2937,23,,,0,100,,2938,23,,,0,30,,2957,23,,,0,70,,2939,23,,,0,30,,2956,23,,,0,70,,2940,23,,,0,30,,2953,23,,,0,70,,2941,23,,,0,30,,2954,23,,,0,70,,2936,23,,,0,30,,2955,23,,,0,70,,2942,23,,,0,30,,2958,23,,,0,70,,2944,23,,,0,100,,2945,23,,,0,100,,2946,23,,,0,100,,2949,23,,,0,100,,2950,23,,,0,100,,2951,23,,,0,90,,2952,23,4,,0
16100,'4532',1106,,3125,29,,,0
16100,'5212',1106,,3126,29,,,0
