8900,'4327',646,,1957,7,,,0,100,,1965,7,,,0,102,,1956,38,,,0,100,,1954,38,,,0,100,,1945,38,,,0,100,,1947,38,,,0,100,,1946,38,,,0,70,,1966,38,,,0,30,,1948,38,,,0,70,,1964,38,,,0,30,,1949,38,,,0,70,,1962,38,,,0,30,,1950,38,,,0,70,,1963,38,,,0,30,,1951,38,,,0,70,,1967,38,,,0,30,,1953,38,,,0,100,,1955,38,,,0,100,,1952,38,,,0,100,,1959,38,,,0,100,,1961,38,,,0,100,,1958,38,,,0
8900,'4795',616,,984,7,,,0,30,,981,7,,,0,72,,983,16,,,0,40,,963,38,,,0,60,,980,38,,,0,22,,965,38,,,0,19,,970,38,,,0,59,,979,38,,,0,22,,966,38,,,0,19,,967,38,,,0,59,,953,38,,,0,30,,964,38,,,0,70,,973,38,,,0,30,,952,38,,,0,70,,956,38,,,0,30,,961,38,,,0,70,,977,38,,,0,30,,951,38,,,0,70,,955,38,,,0,30,,962,38,,,0,70,,976,38,,,0,18,,985,38,,,0,19,,954,38,,,0,63,,957,38,,,0,18,,986,38,,,0,19,,968,38,,,0,63,,975,38,,,0,30,,974,38,,,0,70,,960,38,,,0,30,,972,38,,,0,70,,969,38,,,0,30,,982,38,,,0,70,,959,38,,,0,100,,978,38,,,0,100,,958,38,,,0
8900,'4800',646,,1003,7,,,0,100,,1005,7,,,0,72,,1014,38,,,0,30,,987,38,,,0,70,,1013,38,,,0,30,,988,38,,,0,70,,1012,38,,,0,30,,989,38,,,0,70,,1009,38,,,0,30,,990,38,,,0,70,,1008,38,,,0,30,,992,38,,,0,70,,1004,38,,,0,30,,994,38,,,0,70,,1006,38,,,0,30,,991,38,,,0,70,,1007,38,,,0,30,,997,38,,,0,70,,1010,38,,,0,30,,998,38,,,0,70,,1011,38,,,0,30,,993,38,,,0,70,,1015,38,,,0,30,,996,38,,,0,70,,1016,38,,,0,30,,995,38,,,0,100,,999,38,,,0,100,,1000,38,,,0,100,,1001,38,,,0
8900,'5102',616,,2001,7,,,0,30,,1998,7,,,0,72,,2000,16,,,0,40,,1980,38,,,0,60,,1997,38,,,0,22,,1982,38,,,0,19,,1987,38,,,0,59,,1996,38,,,0,22,,1983,38,,,0,19,,1984,38,,,0,59,,1971,38,,,0,30,,1981,38,,,0,70,,1991,38,,,0,30,,1969,38,,,0,70,,1970,38,,,0,30,,1978,38,,,0,70,,1994,38,,,0,30,,1968,38,,,0,70,,1973,38,,,0,30,,1979,38,,,0,70,,1993,38,,,0,18,,2002,38,,,0,19,,1972,38,,,0,63,,1974,38,,,0,18,,2003,38,,,0,19,,1986,38,,,0,63,,1992,38,,,0,30,,1988,38,,,0,70,,1977,38,,,0,30,,1990,38,,,0,70,,1985,38,,,0,30,,1999,38,,,0,70,,1976,38,,,0,100,,1995,38,,,0,100,,1975,38,,,0
8900,'5105',646,,2020,7,,,0,100,,2022,7,,,0,72,,2031,38,,,0,30,,2004,38,,,0,70,,2030,38,,,0,30,,2005,38,,,0,70,,2029,38,,,0,30,,2006,38,,,0,70,,2026,38,,,0,30,,2007,38,,,0,70,,2025,38,,,0,30,,2009,38,,,0,70,,2021,38,,,0,30,,2011,38,,,0,70,,2023,38,,,0,30,,2008,38,,,0,70,,2024,38,,,0,30,,2014,38,,,0,70,,2027,38,,,0,30,,2015,38,,,0,70,,2028,38,,,0,30,,2010,38,,,0,70,,2032,38,,,0,30,,2013,38,,,0,70,,2033,38,,,0,30,,2012,38,,,0,100,,2016,38,,,0,100,,2017,38,,,0,100,,2018,38,,,0
9100,'4327',825,,2044,24,,,0,100,,2036,24,,,0,100,,2034,24,,,0,100,,2035,24,,,0,100,,2037,24,,,0,100,,2039,24,,,0,100,,2041,24,,,0,100,,2038,24,,,0,100,,2040,24,,,0,100,,2042,24,,,0,100,,2043,24,,,0
9100,'4795',725,,1028,24,,,0,100,,1030,24,,,0,100,,1031,24,,,0,100,,1034,24,,,0,100,,1029,24,,,0,100,,1036,24,,,0,100,,1033,24,,,0,100,,1035,24,,,0,100,,1037,24,,,0,101,,1032,24,,,0,100,,1038,24,,,0,99,,1039,24,,,0,100,,1040,24,,,0,100,,1041,24,,,0
9100,'4800',825,,1046,24,,,0,100,,1045,24,,,0,100,,1052,24,,,0,100,,1053,24,,,0,100,,1042,24,,,0,100,,1043,24,,,0,100,,1047,24,,,0,100,,1044,24,,,0,100,,1049,24,,,0,100,,1050,24,,,0,100,,1051,24,,,0,100,,1048,24,,,0,100,,1054,24,,,0
9100,'5102',725,,2045,24,,,0,100,,2047,24,,,0,100,,2048,24,,,0,100,,2051,24,,,0,100,,2046,24,,,0,100,,2053,24,,,0,100,,2050,24,,,0,100,,2052,24,,,0,100,,2055,24,,,0,101,,2049,24,,,0,100,,2056,24,,,0,99,,2057,24,,,0,100,,2054,24,,,0,100,,2058,24,,,0
9100,'5105',825,,2063,24,,,0,100,,2062,24,,,0,100,,2069,24,,,0,100,,2070,24,,,0,100,,2059,24,,,0,100,,2060,24,,,0,100,,2064,24,,,0,100,,2061,24,,,0,100,,2066,24,,,0,100,,2067,24,,,0,100,,2068,24,,,0,100,,2065,24,,,0,100,,2071,24,,,0
9600,'4795',812,,1097,26,0,8 9 10 11,0,3,,1096,26,0,8 9 10 11,0
9600,'5102',812,,2114,26,0,8 9 10 11,0,3,,2113,26,0,8 9 10 11,0
9601,'4795',1501,,1101,17,,,0
9601,'5102',1501,,2118,17,,,0
