100,'4327',930,,1112,42,,,0,100,,1113,42,,,0,100,,1115,42,,,0,100,,1114,42,,,0,100,,1116,42,,,0,100,,1117,42,,,0,100,,1118,42,,,0,100,,1120,42,,,0,100,,1119,42,,,0,100,,1121,42,,,0
100,'4795',630,,32,42,,,0,170,,11,42,,,0,30,,25,42,,,0,70,,18,42,,,0,30,,13,42,,,0,70,,26,42,,,0,30,,20,42,,,0,70,,21,42,,,0,100,,12,42,,,0,100,,31,42,,,0,100,,14,42,,,0,100,,22,42,,,0,100,,15,42,,,0,30,,23,42,,,0,70,,16,42,,,0,30,,29,42,,,0,70,,27,42,,,0,30,,17,42,,,0,100,,24,42,,,0,100,,19,42,,,0,100,,28,42,,,0,100,,30,42,,,0,70,,33,42,,,0
100,'4800',730,,34,42,,,0,100,,35,42,,,0,100,,36,42,,,0,100,,37,42,,,0,100,,38,42,,,0,100,,39,42,,,0,100,,40,42,,,0,100,,41,42,,,0,100,,42,42,,,0,100,,43,42,,,0,100,,44,42,,,0,100,,45,42,,,0,100,,46,42,,,0,100,,48,42,,,0,100,,47,42,,,0
100,'5102',630,,1143,42,,,0,170,,1122,42,,,0,30,,1136,42,,,0,70,,1129,42,,,0,30,,1124,42,,,0,70,,1137,42,,,0,30,,1132,42,,,0,70,,1131,42,,,0,100,,1123,42,,,0,100,,1142,42,,,0,100,,1125,42,,,0,100,,1133,42,,,0,100,,1126,42,,,0,30,,1134,42,,,0,70,,1127,42,,,0,30,,1140,42,,,0,70,,1138,42,,,0,30,,1128,42,,,0,100,,1135,42,,,0,100,,1130,42,,,0,100,,1139,42,,,0,100,,1141,42,,,0,70,,1144,42,,,0
100,'5105',730,,1145,42,,,0,100,,1146,42,,,0,100,,1147,42,,,0,100,,1148,42,,,0,100,,1149,42,,,0,100,,1150,42,,,0,100,,1151,42,,,0,100,,1152,42,,,0,100,,1153,42,,,0,100,,1154,42,,,0,100,,1155,42,,,0,100,,1156,42,,,0,100,,1157,42,,,0,100,,1159,42,,,0,100,,1158,42,,,0
500,'4327',752,,1166,20,,,0,98,,1160,20,,,0,100,,1165,20,,,0,100,,1164,20,,,0,100,,1167,20,,,0,100,,1161,20,,,0,100,,1162,20,,,0,100,,1163,20,,,0,100,,1174,20,,,0,100,,1173,20,,,0,100,,1172,20,,,0,100,,1171,20,,,0,100,,1170,20,,,0,100,,1168,20,,,0,100,,1169,20,,,0
500,'4795',722,,66,20,,,0,28,,75,20,,,0,65,,65,20,,,0,35,,76,20,,,0,65,,64,20,,,0,35,,77,20,,,0,100,,81,20,,,0,100,,82,20,,,0,100,,78,20,,,0,100,,79,20,,,0,100,,80,20,,,0,100,,70,20,,,0,70,,84,20,,,0,30,,68,20,,,0,70,,67,20,,,0,30,,69,20,,,0,70,,85,20,,,0,30,,72,20,,,0,100,,73,20,,,0,100,,71,20,,,0,100,,74,20,,,0,100,,83,20,,,0
500,'4800',752,,87,20,,,0,98,,91,20,,,0,100,,88,20,,,0,100,,95,20,,,0,100,,86,20,,,0,100,,96,20,,,0,100,,100,20,,,0,100,,99,20,,,0,100,,89,20,,,0,100,,97,20,,,0,100,,98,20,,,0,100,,93,20,,,0,100,,94,20,,,0,100,,92,20,,,0,100,,90,20,,,0
500,'5102',722,,1177,20,,,0,28,,1186,20,,,0,65,,1176,20,,,0,35,,1187,20,,,0,65,,1175,20,,,0,35,,1188,20,,,0,100,,1192,20,,,0,100,,1193,20,,,0,100,,1189,20,,,0,100,,1190,20,,,0,100,,1191,20,,,0,100,,1181,20,,,0,70,,1195,20,,,0,30,,1179,20,,,0,70,,1178,20,,,0,30,,1180,20,,,0,70,,1196,20,,,0,30,,1184,20,,,0,100,,1182,20,,,0,100,,1183,20,,,0,100,,1185,20,,,0,100,,1194,20,,,0
500,'5105',752,,1198,20,,,0,98,,1202,20,,,0,100,,1199,20,,,0,100,,1206,20,,,0,100,,1197,20,,,0,100,,1207,20,,,0,100,,1211,20,,,0,100,,1210,20,,,0,100,,1200,20,,,0,100,,1208,20,,,0,100,,1209,20,,,0,100,,1204,20,,,0,100,,1205,20,,,0,100,,1203,20,,,0,100,,1201,20,,,0
