1601,'4327',957,,1585,30,,,0,100,,1586,30,,,0,100,,1587,30,,,0,100,,1589,30,,,0,100,,1590,30,,,0,100,,1591,30,,,0,100,,1588,30,,,0,100,,1592,30,,,0,100,,1593,30,,,0
1601,'4795',727,,565,30,,,0,30,,566,30,,,0,100,,567,30,,,0,70,,574,30,,,0,100,,575,30,,,0,30,,568,30,,,0,100,,564,30,,,0,70,,577,30,,,0,100,,578,30,,,0,30,,570,30,,,0,100,,571,30,,,0,70,,576,30,,,0,100,,579,30,,,0,30,,569,30,,,0,100,,572,30,,,0,70,,580,30,,,0,100,,581,30,,,0,130,,573,30,,,0
1601,'4796',657,,582,27,0,17,0,173,,588,30,,,0,127,,585,30,,,0,170,,587,30,,,0,130,,583,30,,,0,170,,590,30,,,0,130,,584,30,,,0,170,,591,30,,,0,130,,589,30,,,0,170,,592,30,,,0,130,,586,30,,,0
1601,'4799',657,,593,27,0,17,0,173,,599,30,,,0,127,,596,30,,,0,170,,598,30,,,0,130,,594,30,,,0,170,,601,30,,,0,130,,595,30,,,0,170,,602,30,,,0,130,,600,30,,,0,170,,603,30,,,0,130,,597,30,,,0
1601,'4800',757,,606,27,0,17,0,100,,607,30,,,0,100,,605,30,,,0,70,,620,30,,,0,30,,604,30,,,0,70,,622,30,,,0,30,,612,30,,,0,70,,623,30,,,0,30,,613,30,,,0,70,,624,30,,,0,30,,608,30,,,0,70,,621,30,,,0,30,,610,30,,,0,70,,625,30,,,0,30,,614,30,,,0,70,,626,30,,,0,30,,615,30,,,0,100,,616,30,,,0,100,,609,30,,,0,100,,617,30,,,0,100,,618,30,,,0,100,,619,30,,,0,66,,611,30,,,0
1601,'5102',657,,1612,27,0,17,0,70,,1595,30,,,0,30,,1596,30,,,0,73,,1618,30,,,0,27,,1597,30,,,0,70,,1604,30,,,0,30,,1615,30,,,0,70,,1605,30,,,0,30,,1598,30,,,0,70,,1616,30,,,0,30,,1594,30,,,0,70,,1607,30,,,0,30,,1613,30,,,0,70,,1608,30,,,0,30,,1600,30,,,0,70,,1620,30,,,0,30,,1601,30,,,0,70,,1606,30,,,0,30,,1614,30,,,0,70,,1609,30,,,0,30,,1599,30,,,0,70,,1621,30,,,0,30,,1602,30,,,0,70,,1610,30,,,0,30,,1619,30,,,0,70,,1611,30,,,0,100,,1622,30,,,0,30,,1603,30,,,0,100,,1617,30,,,0
1601,'5105',757,,1625,27,0,17,0,100,,1626,30,,,0,100,,1624,30,,,0,70,,1639,30,,,0,30,,1623,30,,,0,70,,1641,30,,,0,30,,1631,30,,,0,70,,1642,30,,,0,30,,1632,30,,,0,70,,1643,30,,,0,30,,1627,30,,,0,70,,1640,30,,,0,30,,1629,30,,,0,70,,1644,30,,,0,30,,1633,30,,,0,70,,1645,30,,,0,30,,1634,30,,,0,100,,1635,30,,,0,100,,1628,30,,,0,100,,1636,30,,,0,100,,1637,30,,,0,100,,1638,30,,,0,66,,1630,30,,,0
1900,'4327',922,,1654,16,,,0,100,,1646,16,,,0,100,,1647,16,,,0,100,,1648,16,,,0,100,,1649,16,,,0,100,,1650,16,,,0,100,,1651,16,,,0,100,,1652,16,,,0,100,,1653,16,,,0,100,,1655,16,,,0
1900,'4800',822,,637,16,,,0,100,,638,16,,,0,800,,639,16,,,0,100,,641,16,,,0,100,,640,16,,,0,100,,642,16,,,0,100,,643,16,,,0
1900,'5105',822,,1656,16,,,0,100,,1657,16,,,0,800,,1658,16,,,0,100,,1660,16,,,0,100,,1659,16,,,0,100,,1661,16,,,0,100,,1662,16,,,0
