'3038',500,71600,0,'Downtown',0,2800,0,'Downtown',0,6500,0,'Downtown',0,3500,0,'Downtown',0,6500,0,'Downtown',0,3500,0,'Downtown',0,10000,0,'Downtown',0,10000,0,'Downtown',0,10000,0,'Downtown',0,10000,0,'Downtown',0,10000,0,'Downtown',0,10000,0,'Downtown',0,7000,0,'Downtown',0,3000,0,'Downtown',0,7000,0,'Downtown',0,3000,0,'Downtown',0,7000,0,'Downtown',0,3000,0,'Downtown',0,10000,0,'Downtown',0,10000,0,'Downtown',0,10000,0,'Downtown',0,10000,0,'Downtown',0
'3394',500,74600,0,'Downtown',0,9800,0,'Downtown',0,10000,0,'Downtown',0,10000,0,'Downtown',0,10000,0,'Downtown',0,10000,0,'Downtown',0,10000,0,'Downtown',0,10000,0,'Downtown',0,10000,0,'Downtown',0,10000,0,'Downtown',0,10000,0,'Downtown',0,10000,0,'Downtown',0,10000,0,'Downtown',0,10000,0,'Downtown',0,10000,0,'Downtown',0
'3450',500,71600,0,'Downtown',0,2800,0,'Downtown',0,6500,0,'Downtown',0,3500,0,'Downtown',0,6500,0,'Downtown',0,3500,0,'Downtown',0,10000,0,'Downtown',0,10000,0,'Downtown',0,10000,0,'Downtown',0,10000,0,'Downtown',0,10000,0,'Downtown',0,10000,0,'Downtown',0,7000,0,'Downtown',0,3000,0,'Downtown',0,7000,0,'Downtown',0,3000,0,'Downtown',0,7000,0,'Downtown',0,3000,0,'Downtown',0,10000,0,'Downtown',0,10000,0,'Downtown',0,10000,0,'Downtown',0,10000,0,'Downtown',0
'3677',500,71600,0,'Downtown',0,2800,0,'Downtown',0,6500,0,'Downtown',0,3500,0,'Downtown',0,6500,0,'Downtown',0,3500,0,'Downtown',0,10000,0,'Downtown',0,10000,0,'Downtown',0,10000,0,'Downtown',0,10000,0,'Downtown',0,10000,0,'Downtown',0,10000,0,'Downtown',0,7000,0,'Downtown',0,3000,0,'Downtown',0,7000,0,'Downtown',0,3000,0,'Downtown',0,7000,0,'Downtown',0,3000,0,'Downtown',0,10000,0,'Downtown',0,10000,0,'Downtown',0,10000,0,'Downtown',0,10000,0,'Downtown',0
'3680',500,74600,0,'Downtown',0,9800,0,'Downtown',0,10000,0,'Downtown',0,10000,0,'Downtown',0,10000,0,'Downtown',0,10000,0,'Downtown',0,10000,0,'Downtown',0,10000,0,'Downtown',0,10000,0,'Downtown',0,10000,0,'Downtown',0,10000,0,'Downtown',0,10000,0,'Downtown',0,10000,0,'Downtown',0,10000,0,'Downtown',0,10000,0,'Downtown',0
'3038',1101,72500,,'',0,3000,,'',0,7000,,'',0,3000,,'',0,7000,,'',0,3000,,'',0,7000,,'',0,10000,,'',0,10000,,'',0,10000,,'',0,10000,,'',0,10000,,'',0,2200,,'',0,7800,,'',0,3000,,'',0,7000,,'',0,3000,,'',0,7000,,'',0,3000,,'',0
'3394',1101,75500,,'',0,10000,,'',0,10000,,'',0,10000,,'',0,10000,,'',0,10000,,'',0,10000,,'',0,10000,,'',0,10000,,'',0,10000,,'',0,10000,,'',0
'3450',1101,72500,,'',0,3000,,'',0,7000,,'',0,3000,,'',0,7000,,'',0,3000,,'',0,7000,,'',0,10000,,'',0,10000,,'',0,10000,,'',0,10000,,'',0,10000,,'',0,2200,,'',0,7800,,'',0,3000,,'',0,7000,,'',0,3000,,'',0,7000,,'',0,3000,,'',0
'3677',1101,72500,,'',0,3000,,'',0,7000,,'',0,3000,,'',0,7000,,'',0,3000,,'',0,7000,,'',0,10000,,'',0,10000,,'',0,10000,,'',0,10000,,'',0,10000,,'',0,2200,,'',0,7800,,'',0,3000,,'',0,7000,,'',0,3000,,'',0,7000,,'',0,3000,,'',0
'3680',1101,75500,,'',0,10000,,'',0,10000,,'',0,10000,,'',0,10000,,'',0,10000,,'',0,10000,,'',0,10000,,'',0,10000,,'',0,10000,,'',0,10000,,'',0
