1200,'4795',727,,313,1,0,20,0,818,,312,14,4,,0,2,,311,1,,,0
1200,'5102',727,,1424,1,0,20,0,818,,1422,14,4,,0,2,,1423,1,,,0
1900,'4327',918,4,1654,13,,,0,100,4,1646,13,,,0,100,4,1647,13,,,0,100,4,1648,13,,,0,100,4,1649,13,,,0,100,4,1650,13,,,0,100,4,1651,13,,,0,100,4,1652,13,,,0,100,4,1653,13,,,0,100,4,1655,13,,,0
1900,'4800',818,4,637,13,,,0,100,4,638,13,,,0,800,4,639,13,,,0,100,4,641,13,,,0,100,4,640,13,,,0,100,4,642,13,,,0,100,4,643,13,,,0
1900,'5105',818,4,1656,13,,,0,100,4,1657,13,,,0,800,4,1658,13,,,0,100,4,1660,13,,,0,100,4,1659,13,,,0,100,4,1661,13,,,0,100,4,1662,13,,,0
8801,'4327',752,,1871,47,4,,0,100,,1870,47,4,,0,100,,1866,47,4,,0,100,,1860,47,4,,0,100,,1861,47,4,,0,70,,1880,47,4,,0,30,,1862,47,4,,0,70,,1879,47,4,,0,30,,1863,47,4,,0,70,,1876,47,4,,0,30,,1864,47,4,,0,70,,1877,47,4,,0,30,,1859,47,4,,0,70,,1878,47,4,,0,30,,1865,47,4,,0,70,,1881,47,4,,0,30,,1867,47,4,,0,100,,1868,47,4,,0,100,,1869,47,4,,0,100,,1872,47,4,,0,100,,1873,47,4,,0,100,,1874,47,4,,0
8801,'4795',722,,894,47,4,,0,30,,887,47,4,,0,70,,896,47,4,,0,22,,882,47,4,,0,60,,888,47,4,,0,18,,893,47,4,,0,23,,886,47,4,,0,59,,889,47,4,,0,18,,895,47,4,,0,30,,866,47,4,,0,70,,875,47,4,,0,30,,881,47,4,,0,70,,897,47,4,,0,30,,867,47,4,,0,70,,876,47,4,,0,30,,884,47,4,,0,70,,880,47,4,,0,30,,865,47,4,,0,70,,874,47,4,,0,18,,898,47,4,,0,60,,883,47,4,,0,22,,890,47,4,,0,18,,878,47,4,,0,60,,872,47,4,,0,22,,868,47,4,,0,18,,899,47,4,,0,60,,892,47,4,,0,22,,891,47,4,,0,30,,873,47,4,,0,70,,871,47,4,,0,30,,879,47,4,,0,70,,885,47,4,,0,100,,869,47,4,,0,100,,877,47,4,,0
8801,'4800',752,,900,47,4,,0,70,,924,47,4,,0,30,,902,47,4,,0,70,,923,47,4,,0,30,,904,47,4,,0,70,,919,47,4,,0,30,,905,47,4,,0,70,,921,47,4,,0,30,,901,47,4,,0,70,,920,47,4,,0,30,,907,47,4,,0,70,,922,47,4,,0,30,,908,47,4,,0,70,,917,47,4,,0,30,,906,47,4,,0,70,,927,47,4,,0,30,,909,47,4,,0,70,,918,47,4,,0,30,,910,47,4,,0,70,,925,47,4,,0,30,,903,47,4,,0,70,,926,47,4,,0,30,,912,47,4,,0,100,,913,47,4,,0,100,,914,47,4,,0,100,,911,47,4,,0,100,,915,47,4,,0
8801,'5102',722,,1911,47,4,,0,30,,1904,47,4,,0,70,,1913,47,4,,0,22,,1899,47,4,,0,60,,1905,47,4,,0,18,,1910,47,4,,0,23,,1903,47,4,,0,59,,1906,47,4,,0,18,,1912,47,4,,0,30,,1884,47,4,,0,70,,1892,47,4,,0,30,,1898,47,4,,0,70,,1914,47,4,,0,30,,1885,47,4,,0,70,,1893,47,4,,0,30,,1901,47,4,,0,70,,1897,47,4,,0,30,,1882,47,4,,0,70,,1891,47,4,,0,18,,1915,47,4,,0,60,,1900,47,4,,0,22,,1907,47,4,,0,18,,1895,47,4,,0,60,,1889,47,4,,0,22,,1883,47,4,,0,18,,1916,47,4,,0,60,,1909,47,4,,0,22,,1908,47,4,,0,30,,1890,47,4,,0,70,,1888,47,4,,0,30,,1896,47,4,,0,70,,1902,47,4,,0,100,,1886,47,4,,0,100,,1894,47,4,,0
8801,'5105',752,,1917,47,4,,0,70,,1941,47,4,,0,30,,1919,47,4,,0,70,,1940,47,4,,0,30,,1921,47,4,,0,70,,1936,47,4,,0,30,,1922,47,4,,0,70,,1938,47,4,,0,30,,1918,47,4,,0,70,,1937,47,4,,0,30,,1924,47,4,,0,70,,1939,47,4,,0,30,,1925,47,4,,0,70,,1934,47,4,,0,30,,1923,47,4,,0,70,,1944,47,4,,0,30,,1926,47,4,,0,70,,1935,47,4,,0,30,,1927,47,4,,0,70,,1942,47,4,,0,30,,1920,47,4,,0,70,,1943,47,4,,0,30,,1929,47,4,,0,100,,1930,47,4,,0,100,,1931,47,4,,0,100,,1928,47,4,,0,100,,1932,47,4,,0
8900,'4327',753,,1956,1,,,0,100,,1954,1,,,0,100,,1945,1,,,0,100,,1947,1,,,0,100,,1946,1,,,0,70,,1966,1,,,0,30,,1948,1,,,0,70,,1964,1,,,0,30,,1949,1,,,0,70,,1962,1,,,0,30,,1950,1,,,0,70,,1963,1,,,0,30,,1951,1,,,0,70,,1967,1,,,0,30,,1953,1,,,0,100,,1955,1,,,0,100,,1952,1,,,0,100,,1959,1,,,0,100,,1961,1,,,0,100,,1958,1,,,0,100,,1960,1,0,5 6,0
8900,'4795',703,,963,1,,,0,20,,980,1,,,0,22,,965,1,,,0,59,,970,1,,,0,19,,979,1,,,0,22,,966,1,,,0,59,,967,1,,,0,19,,953,1,,,0,30,,964,1,,,0,70,,973,1,,,0,30,,952,1,,,0,70,,956,1,,,0,30,,961,1,,,0,70,,977,1,,,0,30,,951,1,,,0,70,,955,1,,,0,30,,962,1,,,0,70,,976,1,,,0,18,,985,1,,,0,59,,954,1,,,0,23,,957,1,,,0,18,,986,1,,,0,59,,968,1,,,0,23,,975,1,,,0,30,,974,1,,,0,70,,960,1,,,0,30,,972,1,,,0,70,,969,1,,,0,30,,982,1,,,0,70,,959,1,,,0,100,,978,1,,,0,100,,958,1,,,0,100,,971,1,0,5 6,0
8900,'4800',723,,1014,1,,,0,30,,987,1,,,0,70,,1013,1,,,0,30,,988,1,,,0,70,,1012,1,,,0,30,,989,1,,,0,70,,1009,1,,,0,30,,990,1,,,0,70,,1008,1,,,0,30,,992,1,,,0,70,,1004,1,,,0,30,,994,1,,,0,70,,1006,1,,,0,30,,991,1,,,0,70,,1007,1,,,0,30,,997,1,,,0,70,,1010,1,,,0,30,,998,1,,,0,70,,1011,1,,,0,30,,993,1,,,0,70,,1015,1,,,0,30,,996,1,,,0,70,,1016,1,,,0,30,,995,1,,,0,100,,999,1,,,0,100,,1000,1,,,0,100,,1001,1,,,0,100,,1002,1,0,5 6,0
8900,'5102',703,,1980,1,,,0,20,,1997,1,,,0,22,,1982,1,,,0,59,,1987,1,,,0,19,,1996,1,,,0,22,,1983,1,,,0,59,,1984,1,,,0,19,,1971,1,,,0,30,,1981,1,,,0,70,,1991,1,,,0,30,,1969,1,,,0,70,,1970,1,,,0,30,,1978,1,,,0,70,,1994,1,,,0,30,,1968,1,,,0,70,,1973,1,,,0,30,,1979,1,,,0,70,,1993,1,,,0,18,,2002,1,,,0,59,,1972,1,,,0,23,,1974,1,,,0,18,,2003,1,,,0,59,,1986,1,,,0,23,,1992,1,,,0,30,,1988,1,,,0,70,,1977,1,,,0,30,,1990,1,,,0,70,,1985,1,,,0,30,,1999,1,,,0,70,,1976,1,,,0,100,,1995,1,,,0,100,,1975,1,,,0,100,,1989,1,0,5 6,0
8900,'5105',723,,2031,1,,,0,30,,2004,1,,,0,70,,2030,1,,,0,30,,2005,1,,,0,70,,2029,1,,,0,30,,2006,1,,,0,70,,2026,1,,,0,30,,2007,1,,,0,70,,2025,1,,,0,30,,2009,1,,,0,70,,2021,1,,,0,30,,2011,1,,,0,70,,2023,1,,,0,30,,2008,1,,,0,70,,2024,1,,,0,30,,2014,1,,,0,70,,2027,1,,,0,30,,2015,1,,,0,70,,2028,1,,,0,30,,2010,1,,,0,70,,2032,1,,,0,30,,2013,1,,,0,70,,2033,1,,,0,30,,2012,1,,,0,100,,2016,1,,,0,100,,2017,1,,,0,100,,2018,1,,,0,100,,2019,1,0,5 6,0
16101,'4798',1526,,1106,5,,,0
16101,'4800',1526,,1107,5,,,0
16101,'5105',1526,,2123,5,,,0
16101,'5122',1526,,2124,5,,,0
