1500,'4327',725,,1448,14,,,0,100,,1435,14,,,0,100,,1430,14,,,0,100,,1425,14,,,0,30,,1440,14,,,0,70,,1426,14,,,0,30,,1441,14,,,0,70,,1427,14,,,0,30,,1442,14,,,0,70,,1428,14,,,0,30,,1443,14,,,0,70,,1429,14,,,0,30,,1444,14,,,0,70,,1431,14,,,0,30,,1445,14,,,0,70,,1432,14,,,0,29,,1446,14,,,0,71,,1433,14,,,0,30,,1447,14,,,0,70,,1434,14,,,0,100,,1436,14,,,0,100,,1437,14,,,0,100,,1438,14,,,0,100,,1439,14,,,0
1500,'4795',655,,342,13,,,0,100,,355,14,,,0,70,,338,14,,,0,11,,379,14,,,0,70,,368,14,,,0,19,,340,14,,,0,11,,367,14,,,0,19,,358,14,,,0,51,,363,14,,,0,30,,377,14,,,0,19,,345,14,,,0,51,,362,14,,,0,19,,339,14,,,0,11,,374,14,,,0,70,,365,14,,,0,19,,341,14,,,0,11,,375,14,,,0,19,,347,14,,,0,51,,364,14,,,0,30,,378,14,,,0,19,,348,14,,,0,51,,371,14,,,0,19,,343,14,,,0,11,,370,14,,,0,70,,361,14,,,0,19,,357,14,,,0,11,,373,14,,,0,19,,346,14,,,0,51,,360,14,,,0,30,,372,14,,,0,19,,349,14,,,0,51,,359,14,,,0,19,,356,14,,,0,11,,366,14,,,0,70,,369,14,,,0,19,,344,14,,,0,11,,376,14,,,0,19,,350,14,,,0,100,,352,14,,,0,70,,354,14,,,0,100,,353,14,,,0,30,,351,14,,,0
1500,'4796',725,,380,14,,,0,130,,390,14,,,0,170,,382,14,,,0,130,,383,14,,,0,170,,381,14,,,0,130,,385,14,,,0,170,,389,14,,,0,130,,384,14,,,0,170,,387,14,,,0,130,,388,14,,,0,170,,386,14,,,0
1500,'4799',725,,391,14,,,0,130,,401,14,,,0,170,,393,14,,,0,130,,394,14,,,0,170,,392,14,,,0,130,,396,14,,,0,170,,400,14,,,0,130,,395,14,,,0,170,,398,14,,,0,130,,399,14,,,0,170,,397,14,,,0,100,,405,16,0,16 18,0,100,,404,16,0,16 18,0,100,,403,16,0,16 18,0,100,,402,16,0,16 18,0
1500,'4800',725,,433,14,,,0,100,,406,14,,,0,100,,407,14,,,0,100,,410,14,,,0,30,,409,14,,,0,70,,408,14,,,0,30,,412,14,,,0,70,,413,14,,,0,30,,414,14,,,0,70,,411,14,,,0,30,,419,14,,,0,70,,420,14,,,0,30,,417,14,,,0,70,,415,14,,,0,30,,422,14,,,0,70,,423,14,,,0,29,,421,14,,,0,71,,416,14,,,0,30,,424,14,,,0,70,,418,14,,,0,30,,434,14,,,0,70,,426,14,,,0,100,,427,14,,,0,100,,428,14,,,0,100,,425,14,,,0,100,,431,16,0,16 18,0,100,,432,16,0,16 18,0,100,,429,16,0,16 18,0,100,,430,16,0,16 18,0
1500,'5102',655,,1453,13,,,0,70,,1470,14,,,0,30,,1467,14,,,0,70,,1449,14,,,0,30,,1480,14,,,0,70,,1451,14,,,0,30,,1466,14,,,0,70,,1472,14,,,0,30,,1456,14,,,0,70,,1450,14,,,0,30,,1473,14,,,0,70,,1452,14,,,0,30,,1458,14,,,0,70,,1471,14,,,0,30,,1459,14,,,0,70,,1454,14,,,0,30,,1475,14,,,0,70,,1469,14,,,0,30,,1457,14,,,0,70,,1479,14,,,0,30,,1460,14,,,0,70,,1468,14,,,0,30,,1474,14,,,0,70,,1455,14,,,0,30,,1461,14,,,0,70,,1477,14,,,0,30,,1463,14,,,0,70,,1465,14,,,0,30,,1478,14,,,0,70,,1464,14,,,0,30,,1462,14,,,0,70,,1476,14,,,0
1500,'5105',725,,1504,14,,,0,100,,1481,14,,,0,100,,1482,14,,,0,100,,1485,14,,,0,30,,1484,14,,,0,70,,1483,14,,,0,30,,1487,14,,,0,70,,1488,14,,,0,30,,1489,14,,,0,70,,1486,14,,,0,30,,1494,14,,,0,70,,1495,14,,,0,30,,1492,14,,,0,70,,1490,14,,,0,30,,1497,14,,,0,70,,1498,14,,,0,29,,1496,14,,,0,71,,1491,14,,,0,30,,1499,14,,,0,70,,1493,14,,,0,30,,1505,14,,,0,70,,1501,14,,,0,100,,1502,14,,,0,100,,1503,14,,,0,100,,1500,14,,,0
4600,'4327',924,,1672,17,,,0,100,,1673,17,,,0,100,,1664,17,,,0,100,,1666,17,,,0,100,,1668,17,,,0,100,,1663,17,,,0,100,,1670,17,,,0,100,,1671,17,,,0,100,,1667,17,,,0,100,,1669,17,,,0,100,,1665,17,,,0
4600,'4795',752,,662,17,,,0,101,,663,17,,,0,99,,664,17,,,0,100,,666,17,,,0,100,,665,17,,,0,100,,667,17,,,0,100,,668,17,,,0,100,,655,17,,,0,100,,656,17,,,0,100,,657,17,,,0,100,,658,17,,,0,100,,659,17,,,0,99,,661,17,,,0,100,,660,17,,,0
4600,'4800',824,,669,17,,,0,100,,678,17,,,0,100,,682,17,,,0,100,,674,17,,,0,100,,671,17,,,0,100,,675,17,,,0,100,,677,17,,,0,100,,679,17,,,0,100,,672,17,,,0,100,,680,17,,,0,100,,676,17,,,0,100,,670,17,,,0,100,,681,17,,,0
4600,'5102',752,,1681,17,,,0,101,,1682,17,,,0,99,,1683,17,,,0,100,,1685,17,,,0,100,,1684,17,,,0,100,,1686,17,,,0,100,,1687,17,,,0,100,,1674,17,,,0,100,,1675,17,,,0,100,,1676,17,,,0,100,,1677,17,,,0,100,,1678,17,,,0,99,,1680,17,,,0,100,,1679,17,,,0
4600,'5105',824,,1688,17,,,0,100,,1697,17,,,0,100,,1701,17,,,0,100,,1693,17,,,0,100,,1690,17,,,0,100,,1694,17,,,0,100,,1696,17,,,0,100,,1698,17,,,0,100,,1691,17,,,0,100,,1699,17,,,0,100,,1695,17,,,0,100,,1689,17,,,0,100,,1700,17,,,0
5500,'4327',919,,1772,27,0,18,0,100,,1778,27,0,18,0,100,,1769,27,0,18,0,100,,1771,27,0,18,0,100,,1773,27,0,18,0,100,,1768,27,0,18,0,100,,1774,27,0,18,0,100,,1770,27,0,18,0,100,,1777,27,0,18,0,100,,1776,27,0,18,0,100,,1775,27,0,18,0
5500,'4795',750,,785,27,0,18,0,80,,781,27,0,18,0,20,,787,27,0,18,0,80,,782,27,0,18,0,20,,793,27,0,18,0,100,,771,27,0,18,0,100,,763,27,0,18,0,100,,795,27,0,18,0,100,,794,27,0,18,0,98,,778,27,0,18,0,104,,783,27,0,18,0,72,,799,27,0,18,0,29,,766,27,0,18,0,72,,780,27,0,18,0,29,,768,27,0,18,0,71,,797,27,0,18,0,28,,769,27,0,18,0,71,,798,27,0,18,0,26,,773,27,0,18,0,100,,777,27,0,18,0
5500,'4800',811,,801,27,0,18,0,108,,802,27,0,18,0,100,,807,27,0,18,0,100,,804,27,0,18,0,100,,806,27,0,18,0,100,,805,27,0,18,0,100,,803,27,0,18,0,100,,814,27,0,18,0,100,,810,27,0,18,0,100,,815,27,0,18,0,100,,811,27,0,18,0,100,,809,27,0,18,0,100,,813,27,0,18,0,100,,808,27,0,18,0,100,,812,27,0,18,0
5500,'5102',750,,1804,27,0,18,0,80,,1801,27,0,18,0,20,,1806,27,0,18,0,80,,1800,27,0,18,0,20,,1812,27,0,18,0,100,,1790,27,0,18,0,100,,1782,27,0,18,0,100,,1814,27,0,18,0,100,,1813,27,0,18,0,98,,1797,27,0,18,0,104,,1802,27,0,18,0,101,,1785,27,0,18,0,72,,1799,27,0,18,0,29,,1787,27,0,18,0,71,,1816,27,0,18,0,28,,1788,27,0,18,0,71,,1817,27,0,18,0,26,,1792,27,0,18,0,100,,1796,27,0,18,0
5500,'5105',811,,1818,27,0,18,0,108,,1819,27,0,18,0,100,,1824,27,0,18,0,100,,1821,27,0,18,0,100,,1823,27,0,18,0,100,,1822,27,0,18,0,100,,1820,27,0,18,0,100,,1831,27,0,18,0,100,,1827,27,0,18,0,100,,1832,27,0,18,0,100,,1828,27,0,18,0,100,,1826,27,0,18,0,100,,1830,27,0,18,0,100,,1825,27,0,18,0,100,,1829,27,0,18,0
