1501,'4327',641,,1529,5,,,0,100,,1517,5,,,0,100,,1515,5,,,0,100,,1506,5,,,0,100,,1507,5,,,0,70,,1522,5,,,0,30,,1508,5,,,0,70,,1523,5,,,0,30,,1509,5,,,0,70,,1524,5,,,0,30,,1510,5,,,0,70,,1525,5,,,0,30,,1511,5,,,0,70,,1526,5,,,0,30,,1512,5,,,0,70,,1527,5,,,0,30,,1513,5,,,0,70,,1528,5,,,0,30,,1514,5,,,0,100,,1516,5,,,0,100,,1518,5,,,0,100,,1519,5,,,0,100,,1520,5,,,0,100,,1521,5,,,0
1501,'4795',641,,471,5,,,0,70,,475,5,,,0,45,,480,5,,,0,55,,478,5,,,0,15,,500,5,,,0,15,,465,5,,,0,15,,491,5,,,0,70,,490,5,,,0,15,,466,5,,,0,15,,496,5,,,0,55,,459,5,,,0,15,,487,5,,,0,30,,485,5,,,0,55,,460,5,,,0,15,,493,5,,,0,15,,467,5,,,0,15,,488,5,,,0,70,,492,5,,,0,15,,468,5,,,0,15,,495,5,,,0,55,,461,5,,,0,15,,498,5,,,0,30,,499,5,,,0,55,,462,5,,,0,15,,482,5,,,0,15,,469,5,,,0,15,,489,5,,,0,70,,479,5,,,0,15,,477,5,,,0,15,,486,5,,,0,55,,463,5,,,0,15,,484,5,,,0,30,,497,5,,,0,55,,464,5,,,0,15,,483,5,,,0,15,,476,5,,,0,15,,494,5,,,0,70,,481,5,,,0,15,,470,5,,,0,70,,474,5,,,0,100,,473,5,,,0,200,,472,5,,,0
1501,'4796',741,,502,5,,,0,170,,509,5,,,0,130,,505,5,,,0,170,,508,5,,,0,130,,506,5,,,0,170,,507,5,,,0,130,,510,5,,,0,170,,501,5,,,0,130,,504,5,,,0,170,,503,5,,,0
1501,'4799',741,,512,5,,,0,170,,519,5,,,0,130,,515,5,,,0,170,,518,5,,,0,130,,516,5,,,0,170,,517,5,,,0,130,,520,5,,,0,170,,511,5,,,0,130,,514,5,,,0,170,,513,5,,,0,128,,525,5,0,16 17,0,100,,524,5,0,16 17,0,100,,523,5,0,16 17,0,100,,522,5,0,16 17,0,100,,521,5,0,16 17,0
1501,'4800',641,,553,5,,,0,100,,526,5,,,0,100,,527,5,,,0,100,,529,5,,,0,100,,530,5,,,0,70,,528,5,,,0,30,,532,5,,,0,70,,531,5,,,0,30,,536,5,,,0,70,,533,5,,,0,30,,534,5,,,0,70,,538,5,,,0,30,,535,5,,,0,70,,539,5,,,0,30,,537,5,,,0,70,,540,5,,,0,30,,541,5,,,0,70,,542,5,,,0,30,,543,5,,,0,70,,554,5,,,0,30,,545,5,,,0,100,,547,5,,,0,100,,544,5,,,0,100,,548,5,,,0,100,,546,5,,,0,98,,549,5,0,16 17,0,100,,550,5,0,16 17,0,100,,551,5,0,16 17,0,100,,552,5,0,16 17,0
1501,'5102',641,,1542,5,,,0,70,,1546,5,,,0,30,,1551,5,,,0,70,,1549,5,,,0,30,,1536,5,,,0,70,,1558,5,,,0,30,,1537,5,,,0,70,,1530,5,,,0,30,,1554,5,,,0,70,,1531,5,,,0,30,,1538,5,,,0,70,,1557,5,,,0,30,,1539,5,,,0,70,,1532,5,,,0,30,,1555,5,,,0,70,,1533,5,,,0,30,,1540,5,,,0,70,,1556,5,,,0,30,,1548,5,,,0,70,,1534,5,,,0,30,,1559,5,,,0,70,,1535,5,,,0,30,,1547,5,,,0,70,,1550,5,,,0,30,,1541,5,,,0,70,,1545,5,,,0,30,,1553,5,,,0,70,,1544,5,,,0,100,,1552,5,,,0,100,,1543,5,,,0
1501,'5105',641,,1583,5,,,0,100,,1560,5,,,0,100,,1561,5,,,0,100,,1563,5,,,0,100,,1564,5,,,0,70,,1562,5,,,0,30,,1566,5,,,0,70,,1565,5,,,0,30,,1570,5,,,0,70,,1567,5,,,0,30,,1568,5,,,0,70,,1572,5,,,0,30,,1569,5,,,0,70,,1573,5,,,0,30,,1571,5,,,0,70,,1574,5,,,0,30,,1575,5,,,0,70,,1576,5,,,0,30,,1577,5,,,0,70,,1584,5,,,0,30,,1579,5,,,0,100,,1581,5,,,0,100,,1578,5,,,0,100,,1582,5,,,0,100,,1580,5,,,0
16101,'4798',1504,,1106,2,,,0
16101,'4800',1504,,1107,2,,,0
16101,'5105',1504,,2123,2,,,0
16101,'5122',1504,,2124,2,,,0
