501,'4327',732,,1219,7,,,0,98,,1218,22,,,0,100,,1213,22,,,0,100,,1212,22,,,0,100,,1215,22,,,0,100,,1217,22,,,0,100,,1216,22,,,0,100,,1214,22,,,0,100,,1226,22,,,0,100,,1225,22,,,0,100,,1224,22,,,0,100,,1223,22,,,0,100,,1222,22,,,0,100,,1220,22,,,0,100,,1221,22,,,0
501,'4795',705,,116,7,,,0,24,,127,22,,,0,28,,118,22,,,0,73,,128,22,,,0,28,,119,22,,,0,72,,129,22,,,0,100,,126,22,,,0,100,,131,22,,,0,100,,133,22,,,0,100,,130,22,,,0,100,,134,22,,,0,100,,132,22,,,0,70,,136,22,,,0,30,,135,22,,,0,70,,117,22,,,0,30,,122,22,,,0,28,,137,22,,,0,71,,124,22,,,0,100,,123,22,,,0,100,,121,22,,,0,100,,120,22,,,0,100,,125,22,,,0
501,'4800',732,,149,7,,,0,98,,148,22,,,0,100,,139,22,,,0,100,,150,22,,,0,100,,145,22,,,0,100,,151,22,,,0,100,,138,22,,,0,100,,147,22,,,0,100,,141,22,,,0,100,,152,22,,,0,100,,146,22,,,0,100,,142,22,,,0,100,,140,22,,,0,100,,143,22,,,0,100,,144,22,,,0
501,'5102',705,,1227,7,,,0,24,,1238,22,,,0,28,,1229,22,,,0,73,,1239,22,,,0,28,,1230,22,,,0,72,,1240,22,,,0,100,,1237,22,,,0,100,,1242,22,,,0,100,,1244,22,,,0,100,,1241,22,,,0,100,,1245,22,,,0,100,,1243,22,,,0,70,,1247,22,,,0,30,,1246,22,,,0,70,,1228,22,,,0,30,,1233,22,,,0,28,,1248,22,,,0,71,,1235,22,,,0,100,,1234,22,,,0,100,,1232,22,,,0,100,,1231,22,,,0,100,,1236,22,,,0
501,'5105',732,,1260,7,,,0,98,,1259,22,,,0,100,,1250,22,,,0,100,,1261,22,,,0,100,,1256,22,,,0,100,,1262,22,,,0,100,,1249,22,,,0,100,,1258,22,,,0,100,,1252,22,,,0,100,,1263,22,,,0,100,,1257,22,,,0,100,,1253,22,,,0,100,,1251,22,,,0,100,,1254,22,,,0,100,,1255,22,,,0
4601,'4327',905,,1708,29,,,0,100,,1707,29,,,0,100,,1709,29,,,0,100,,1706,29,,,0,100,,1705,29,,,0,100,,1704,29,,,0,100,,1702,29,,,0,100,,1712,29,,,0,100,,1711,29,,,0,100,,1703,29,,,0,100,,1710,29,,,0
4601,'4795',729,,700,29,,,0,100,,701,29,,,0,100,,702,29,,,0,100,,703,29,,,0,100,,704,29,,,0,100,,705,29,,,0,100,,706,29,,,0,100,,707,29,,,0,100,,699,29,,,0,101,,694,29,,,0,100,,695,29,,,0,98,,696,29,,,0,100,,697,29,,,0,100,,698,29,,,0
4601,'4800',805,,720,29,,,0,100,,710,29,,,0,100,,721,29,,,0,100,,708,29,,,0,100,,719,29,,,0,100,,714,29,,,0,100,,715,29,,,0,100,,716,29,,,0,100,,709,29,,,0,100,,717,29,,,0,100,,711,29,,,0,100,,718,29,,,0,100,,713,29,,,0,100,,712,29,,,0
4601,'5102',729,,1719,29,,,0,100,,1720,29,,,0,100,,1721,29,,,0,100,,1723,29,,,0,100,,1724,29,,,0,100,,1722,29,,,0,100,,1725,29,,,0,100,,1726,29,,,0,100,,1718,29,,,0,101,,1713,29,,,0,100,,1715,29,,,0,98,,1714,29,,,0,100,,1716,29,,,0,100,,1717,29,,,0
4601,'5105',805,,1739,29,,,0,100,,1729,29,,,0,100,,1740,29,,,0,100,,1727,29,,,0,100,,1738,29,,,0,100,,1733,29,,,0,100,,1734,29,,,0,100,,1735,29,,,0,100,,1728,29,,,0,100,,1736,29,,,0,100,,1730,29,,,0,100,,1737,29,,,0,100,,1732,29,,,0,100,,1731,29,,,0
