1500,'4327',720,,1448,8,,,0,100,,1435,8,,,0,100,,1430,8,,,0,100,,1425,8,,,0,30,,1440,8,,,0,70,,1426,8,,,0,30,,1441,8,,,0,70,,1427,8,,,0,30,,1442,8,,,0,70,,1428,8,,,0,30,,1443,8,,,0,70,,1429,8,,,0,30,,1444,8,,,0,70,,1431,8,,,0,30,,1445,8,,,0,70,,1432,8,,,0,29,,1446,8,,,0,71,,1433,8,,,0,30,,1447,8,,,0,70,,1434,8,,,0,100,,1436,8,,,0,100,,1437,8,,,0,100,,1438,8,,,0,100,,1439,8,,,0
1500,'4795',650,,342,7,,,0,100,,355,8,,,0,70,,338,8,,,0,11,,379,8,,,0,70,,368,8,,,0,19,,340,8,,,0,11,,367,8,,,0,19,,358,8,,,0,51,,363,8,,,0,30,,377,8,,,0,19,,345,8,,,0,51,,362,8,,,0,19,,339,8,,,0,11,,374,8,,,0,70,,365,8,,,0,19,,341,8,,,0,11,,375,8,,,0,19,,347,8,,,0,51,,364,8,,,0,30,,378,8,,,0,19,,348,8,,,0,51,,371,8,,,0,19,,343,8,,,0,11,,370,8,,,0,70,,361,8,,,0,19,,357,8,,,0,11,,373,8,,,0,19,,346,8,,,0,51,,360,8,,,0,30,,372,8,,,0,19,,349,8,,,0,51,,359,8,,,0,19,,356,8,,,0,11,,366,8,,,0,70,,369,8,,,0,19,,344,8,,,0,11,,376,8,,,0,19,,350,8,,,0,100,,352,8,,,0,70,,354,8,,,0,100,,353,8,,,0,30,,351,8,,,0
1500,'4796',720,,380,8,,,0,130,,390,8,,,0,170,,382,8,,,0,130,,383,8,,,0,170,,381,8,,,0,130,,385,8,,,0,170,,389,8,,,0,130,,384,8,,,0,170,,387,8,,,0,130,,388,8,,,0,170,,386,8,,,0
1500,'4799',720,,391,8,,,0,130,,401,8,,,0,170,,393,8,,,0,130,,394,8,,,0,170,,392,8,,,0,130,,396,8,,,0,170,,400,8,,,0,130,,395,8,,,0,170,,398,8,,,0,130,,399,8,,,0,170,,397,8,,,0,103,,405,10,0,16 18,0,100,,404,10,0,16 18,0,100,,403,10,0,16 18,0,100,,402,10,0,16 18,0
1500,'4800',720,,433,8,,,0,100,,406,8,,,0,100,,407,8,,,0,100,,410,8,,,0,30,,409,8,,,0,70,,408,8,,,0,30,,412,8,,,0,70,,413,8,,,0,30,,414,8,,,0,70,,411,8,,,0,30,,419,8,,,0,70,,420,8,,,0,30,,417,8,,,0,70,,415,8,,,0,30,,422,8,,,0,70,,423,8,,,0,29,,421,8,,,0,71,,416,8,,,0,30,,424,8,,,0,70,,418,8,,,0,30,,434,8,,,0,70,,426,8,,,0,100,,427,8,,,0,100,,428,8,,,0,100,,425,8,,,0,103,,431,10,0,16 18,0,100,,432,10,0,16 18,0,100,,429,10,0,16 18,0,100,,430,10,0,16 18,0
1500,'5102',650,,1453,7,,,0,70,,1470,8,,,0,30,,1467,8,,,0,70,,1449,8,,,0,30,,1480,8,,,0,70,,1451,8,,,0,30,,1466,8,,,0,70,,1472,8,,,0,30,,1456,8,,,0,70,,1450,8,,,0,30,,1473,8,,,0,70,,1452,8,,,0,30,,1458,8,,,0,70,,1471,8,,,0,30,,1459,8,,,0,70,,1454,8,,,0,30,,1475,8,,,0,70,,1469,8,,,0,30,,1457,8,,,0,70,,1479,8,,,0,30,,1460,8,,,0,70,,1468,8,,,0,30,,1474,8,,,0,70,,1455,8,,,0,30,,1461,8,,,0,70,,1477,8,,,0,30,,1463,8,,,0,70,,1465,8,,,0,30,,1478,8,,,0,70,,1464,8,,,0,30,,1462,8,,,0,70,,1476,8,,,0
1500,'5105',720,,1504,8,,,0,100,,1481,8,,,0,100,,1482,8,,,0,100,,1485,8,,,0,30,,1484,8,,,0,70,,1483,8,,,0,30,,1487,8,,,0,70,,1488,8,,,0,30,,1489,8,,,0,70,,1486,8,,,0,30,,1494,8,,,0,70,,1495,8,,,0,30,,1492,8,,,0,70,,1490,8,,,0,30,,1497,8,,,0,70,,1498,8,,,0,29,,1496,8,,,0,71,,1491,8,,,0,30,,1499,8,,,0,70,,1493,8,,,0,30,,1505,8,,,0,70,,1501,8,,,0,100,,1502,8,,,0,100,,1503,8,,,0,100,,1500,8,,,0
4600,'4327',919,,1672,9,,,0,100,,1673,9,,,0,100,,1664,9,,,0,100,,1666,9,,,0,100,,1668,9,,,0,100,,1663,9,,,0,100,,1670,9,,,0,100,,1671,9,,,0,100,,1667,9,,,0,100,,1669,9,,,0,100,,1665,9,,,0
4600,'4795',746,,662,9,,,0,101,,663,9,,,0,99,,664,9,,,0,100,,666,9,,,0,100,,665,9,,,0,100,,667,9,,,0,100,,668,9,,,0,100,,655,9,,,0,100,,656,9,,,0,100,,657,9,,,0,100,,658,9,,,0,100,,659,9,,,0,100,,661,9,,,0,100,,660,9,,,0
4600,'4800',819,,669,9,,,0,100,,678,9,,,0,100,,682,9,,,0,100,,674,9,,,0,100,,671,9,,,0,100,,675,9,,,0,100,,677,9,,,0,100,,679,9,,,0,100,,672,9,,,0,100,,680,9,,,0,100,,676,9,,,0,100,,670,9,,,0,100,,681,9,,,0,100,,673,9,0,19,0
4600,'5102',746,,1681,9,,,0,101,,1682,9,,,0,99,,1683,9,,,0,100,,1685,9,,,0,100,,1684,9,,,0,100,,1686,9,,,0,100,,1687,9,,,0,100,,1674,9,,,0,100,,1675,9,,,0,100,,1676,9,,,0,100,,1677,9,,,0,100,,1678,9,,,0,100,,1680,9,,,0,100,,1679,9,,,0
4600,'5105',819,,1688,9,,,0,100,,1697,9,,,0,100,,1701,9,,,0,100,,1693,9,,,0,100,,1690,9,,,0,100,,1694,9,,,0,100,,1696,9,,,0,100,,1698,9,,,0,100,,1691,9,,,0,100,,1699,9,,,0,100,,1695,9,,,0,100,,1689,9,,,0,100,,1700,9,,,0,100,,1692,9,0,19,0
