1500,'4528',706,,2460,1,,,0,30,,2457,1,,,0,70,,2439,1,,,0,30,,2470,1,,,0,70,,2441,1,,,0,30,,2456,1,,,0,70,,2462,1,,,0,30,,2446,1,,,0,70,,2440,1,,,0,30,,2463,1,,,0,70,,2442,1,,,0,30,,2448,1,,,0,70,,2461,1,,,0,30,,2449,1,,,0,70,,2444,1,,,0,30,,2465,1,,,0,70,,2459,1,,,0,30,,2447,1,,,0,70,,2469,1,,,0,30,,2450,1,,,0,70,,2458,1,,,0,30,,2464,1,,,0,70,,2445,1,,,0,30,,2451,1,,,0,70,,2467,1,,,0,30,,2453,1,,,0,70,,2455,1,,,0,30,,2468,1,,,0,70,,2454,1,,,0,30,,2452,1,,,0,70,,2466,1,,,0
1500,'4532',706,,2494,1,,,0,100,,2471,1,,,0,100,,2472,1,,,0,100,,2475,1,,,0,30,,2474,1,,,0,70,,2473,1,,,0,30,,2477,1,,,0,70,,2478,1,,,0,30,,2479,1,,,0,70,,2476,1,,,0,30,,2484,1,,,0,70,,2485,1,,,0,30,,2483,1,,,0,70,,2481,1,,,0,30,,2487,1,,,0,70,,2488,1,,,0,29,,2486,1,,,0,71,,2482,1,,,0,30,,2489,1,,,0,70,,2480,1,,,0,30,,2495,1,,,0,70,,2491,1,,,0,100,,2492,1,,,0,100,,2493,1,,,0,100,,2490,1,,,0
1500,'5221',706,,2519,1,,,0,100,,2506,1,,,0,100,,2501,1,,,0,100,,2496,1,,,0,30,,2513,1,,,0,70,,2497,1,,,0,30,,2514,1,,,0,70,,2498,1,,,0,30,,2515,1,,,0,70,,2499,1,,,0,30,,2511,1,,,0,70,,2500,1,,,0,30,,2512,1,,,0,70,,2502,1,,,0,30,,2516,1,,,0,70,,2503,1,,,0,29,,2517,1,,,0,71,,2504,1,,,0,30,,2518,1,,,0,70,,2505,1,,,0,100,,2508,1,,,0,100,,2509,1,,,0,100,,2510,1,,,0,100,,2507,1,,,0
1501,'4528',700,,2532,18,4,,0,30,,2536,18,4,,0,70,,2541,18,4,,0,30,,2539,18,4,,0,70,,2526,18,4,,0,30,,2548,18,4,,0,70,,2527,18,4,,0,30,,2520,18,4,,0,70,,2544,18,4,,0,30,,2521,18,4,,0,70,,2528,18,4,,0,30,,2547,18,4,,0,70,,2529,18,4,,0,30,,2522,18,4,,0,70,,2545,18,4,,0,30,,2523,18,4,,0,70,,2530,18,4,,0,30,,2546,18,4,,0,70,,2538,18,4,,0,30,,2524,18,4,,0,70,,2549,18,4,,0,30,,2525,18,4,,0,70,,2537,18,4,,0,30,,2540,18,4,,0,70,,2531,18,4,,0,30,,2535,18,4,,0,70,,2543,18,4,,0,30,,2534,18,4,,0,100,,2542,18,4,,0,100,,2533,18,4,,0
1501,'4532',700,,2573,18,4,,0,100,,2550,18,4,,0,100,,2551,18,4,,0,100,,2553,18,4,,0,100,,2554,18,4,,0,30,,2552,18,4,,0,70,,2556,18,4,,0,30,,2555,18,4,,0,70,,2560,18,4,,0,30,,2557,18,4,,0,70,,2558,18,4,,0,30,,2562,18,4,,0,70,,2559,18,4,,0,30,,2563,18,4,,0,70,,2561,18,4,,0,30,,2564,18,4,,0,70,,2565,18,4,,0,30,,2566,18,4,,0,70,,2567,18,4,,0,30,,2574,18,4,,0,70,,2569,18,4,,0,100,,2571,18,4,,0,100,,2568,18,4,,0,100,,2572,18,4,,0,100,,2570,18,4,,0
1501,'5221',700,,2598,18,4,,0,100,,2586,18,4,,0,100,,2584,18,4,,0,100,,2575,18,4,,0,100,,2576,18,4,,0,30,,2592,18,4,,0,70,,2577,18,4,,0,30,,2593,18,4,,0,70,,2578,18,4,,0,30,,2594,18,4,,0,70,,2579,18,4,,0,30,,2591,18,4,,0,70,,2580,18,4,,0,30,,2595,18,4,,0,70,,2581,18,4,,0,30,,2596,18,4,,0,70,,2582,18,4,,0,30,,2597,18,4,,0,70,,2583,18,4,,0,100,,2585,18,4,,0,100,,2587,18,4,,0,100,,2588,18,4,,0,100,,2589,18,4,,0,100,,2590,18,4,,0
1601,'4528',700,,2600,1,,,0,4,,2617,29,4,,0,26,,2602,1,,,0,4,,2600,32,4,,0,66,,2623,1,,,0,4,,2602,32,4,,0,26,,2603,1,,,0,6,,2623,32,4,,0,64,,2609,1,,,0,4,,2603,32,4,,0,26,,2620,1,,,0,4,,2609,32,4,,0,66,,2610,1,,,0,4,,2620,32,4,,0,26,,2604,1,,,0,4,,2610,32,4,,0,66,,2621,1,,,0,4,,2604,32,4,,0,26,,2599,1,,,0,4,,2621,32,4,,0,66,,2612,1,,,0,4,,2599,32,4,,0,26,,2618,1,,,0,4,,2612,32,4,,0,66,,2613,1,,,0,4,,2618,32,4,,0,26,,2605,1,,,0,4,,2613,32,4,,0,66,,2625,1,,,0,4,,2605,32,4,,0,26,,2606,1,,,0,4,,2625,32,4,,0,66,,2611,1,,,0,4,,2606,32,4,,0,26,,2619,1,,,0,5,,2611,32,4,,0,65,,2614,1,,,0,5,,2619,32,4,,0,25,,2601,1,,,0,4,,2614,32,4,,0,66,,2626,1,,,0,4,,2601,32,4,,0,26,,2607,1,,,0,4,,2626,32,4,,0,66,,2615,1,,,0,4,,2607,32,4,,0,26,,2624,1,,,0,4,,2615,32,4,,0,66,,2616,1,,,0,4,,2624,32,4,,0,30,,2616,32,4,,0,66,,2627,1,,,0,30,,2608,1,,,0,3,,2627,32,4,,0,70,,2608,32,4,,0,27,,2622,1,,,0,73,,2622,32,4,,0
1601,'4532',804,,2630,29,4,,0,26,,2631,1,,,0,74,,2631,32,4,,0,26,,2629,1,,,0,70,,2644,1,,,0,4,,2629,32,4,,0,26,,2628,1,,,0,4,,2644,32,4,,0,66,,2646,1,,,0,4,,2628,32,4,,0,26,,2636,1,,,0,4,,2646,32,4,,0,66,,2647,1,,,0,4,,2636,32,4,,0,26,,2637,1,,,0,4,,2647,32,4,,0,66,,2648,1,,,0,4,,2637,32,4,,0,26,,2633,1,,,0,4,,2648,32,4,,0,66,,2645,1,,,0,4,,2633,32,4,,0,26,,2635,1,,,0,4,,2645,32,4,,0,66,,2649,1,,,0,4,,2635,32,4,,0,26,,2638,1,,,0,4,,2649,32,4,,0,66,,2650,1,,,0,4,,2638,32,4,,0,26,,2639,1,,,0,4,,2650,32,4,,0,70,,2639,32,4,,0,26,,2640,1,,,0,74,,2640,32,4,,0,26,,2634,1,,,0,74,,2634,32,4,,0,26,,2641,1,,,0,74,,2641,32,4,,0,26,,2642,1,,,0,74,,2642,32,4,,0,26,,2643,1,,,0,70,,2632,1,,,0,4,,2643,32,4,,0,26,,2632,32,4,,0
1601,'5221',930,,2651,1,,,0,74,,2651,32,4,,0,26,,2652,1,,,0,74,,2652,32,4,,0,26,,2653,1,,,0,74,,2653,32,4,,0,26,,2655,1,,,0,74,,2655,32,4,,0,26,,2656,1,,,0,74,,2656,32,4,,0,26,,2657,1,,,0,74,,2657,32,4,,0,26,,2654,1,,,0,74,,2654,32,4,,0,26,,2658,1,,,0,74,,2658,32,4,,0,26,,2659,1,,,0,74,,2659,32,4,,0
1900,'4532',800,,2660,1,,,0,29,,2660,18,4,,0,71,,2661,1,,,0,29,,2661,18,4,,0,771,,2662,1,,,0,29,,2662,18,4,,0,71,,2664,1,,,0,29,,2664,18,4,,0,71,,2663,1,,,0,29,,2663,18,4,,0,71,,2665,1,,,0,29,,2665,18,4,,0,71,,2666,1,,,0,29,,2666,18,4,,0
1900,'5221',900,,2675,1,,,0,29,,2675,18,4,,0,71,,2667,1,,,0,29,,2667,18,4,,0,71,,2669,1,,,0,29,,2669,18,4,,0,71,,2670,1,,,0,29,,2670,18,4,,0,71,,2671,1,,,0,29,,2671,18,4,,0,71,,2668,1,,,0,29,,2668,18,4,,0,71,,2672,1,,,0,29,,2672,18,4,,0,71,,2673,1,,,0,29,,2673,18,4,,0,71,,2674,1,,,0,29,,2674,18,4,,0,71,,2676,1,,,0,29,,2676,18,4,,0
