1601,'4794',937,,555,3,,,0,100,,556,3,,,0,100,,557,3,,,0,100,,559,3,,,0,100,,560,3,,,0,100,,561,3,,,0,100,,558,3,,,0,100,,562,3,,,0,100,,563,3,,,0
1601,'4795',706,,565,3,,,0,30,,566,3,,,0,100,,567,3,,,0,70,,574,3,,,0,100,,575,3,,,0,30,,568,3,,,0,100,,564,3,,,0,70,,577,3,,,0,100,,578,3,,,0,30,,570,3,,,0,100,,571,3,,,0,70,,576,3,,,0,100,,579,3,,,0,30,,569,3,,,0,100,,572,3,,,0,70,,580,3,,,0,100,,581,3,,,0,130,,573,3,,,0
1601,'4796',806,,588,3,,,0,130,,585,3,,,0,170,,587,3,,,0,130,,583,3,,,0,170,,590,3,,,0,130,,584,3,,,0,170,,591,3,,,0,130,,589,3,,,0,170,,592,3,,,0,130,,586,3,,,0
1601,'4799',806,,599,3,,,0,130,,596,3,,,0,170,,598,3,,,0,130,,594,3,,,0,170,,601,3,,,0,130,,595,3,,,0,170,,602,3,,,0,130,,600,3,,,0,170,,603,3,,,0,130,,597,3,,,0
1601,'4800',836,,607,3,,,0,100,,605,3,,,0,70,,620,3,,,0,30,,604,3,,,0,70,,622,3,,,0,30,,612,3,,,0,70,,623,3,,,0,30,,613,3,,,0,70,,624,3,,,0,30,,608,3,,,0,70,,621,3,,,0,30,,610,3,,,0,70,,625,3,,,0,30,,614,3,,,0,70,,626,3,,,0,30,,615,3,,,0,100,,616,3,,,0,100,,609,3,,,0,100,,617,3,,,0,100,,618,3,,,0,100,,619,3,,,0,71,,611,3,,,0
1900,'4794',906,,635,3,,,0,100,,627,3,,,0,100,,628,3,,,0,100,,629,3,,,0,100,,630,3,,,0,100,,631,3,,,0,100,,632,3,,,0,100,,633,3,,,0,100,,634,3,,,0,100,,636,3,,,0
1900,'4800',806,,637,3,,,0,100,,638,3,,,0,800,,639,3,,,0,100,,641,3,,,0,100,,640,3,,,0,100,,642,3,,,0,100,,643,3,,,0
8801,'4794',736,,854,34,,,0,100,,853,34,,,0,100,,849,34,,,0,100,,843,34,,,0,100,,844,34,,,0,70,,863,34,,,0,30,,845,34,,,0,70,,862,34,,,0,30,,846,34,,,0,70,,859,34,,,0,30,,847,34,,,0,70,,860,34,,,0,30,,842,34,,,0,70,,861,34,,,0,30,,848,34,,,0,70,,864,34,,,0,30,,850,34,,,0,100,,851,34,,,0,100,,852,34,,,0,100,,855,34,,,0,100,,856,34,,,0,100,,857,34,,,0
8801,'4795',706,,894,34,,,0,30,,887,34,,,0,70,,896,34,,,0,22,,882,34,,,0,20,,888,34,,,0,58,,893,34,,,0,23,,886,34,,,0,19,,889,34,,,0,58,,895,34,,,0,30,,866,34,,,0,70,,875,34,,,0,30,,881,34,,,0,70,,897,34,,,0,30,,867,34,,,0,70,,876,34,,,0,30,,884,34,,,0,70,,880,34,,,0,30,,865,34,,,0,70,,874,34,,,0,18,,898,34,,,0,20,,883,34,,,0,62,,890,34,,,0,18,,878,34,,,0,20,,872,34,,,0,62,,868,34,,,0,18,,899,34,,,0,20,,892,34,,,0,62,,891,34,,,0,30,,873,34,,,0,70,,871,34,,,0,30,,879,34,,,0,70,,885,34,,,0,100,,869,34,,,0,100,,877,34,,,0
8801,'4800',736,,900,34,,,0,70,,924,34,,,0,30,,902,34,,,0,70,,923,34,,,0,30,,904,34,,,0,70,,919,34,,,0,30,,905,34,,,0,70,,921,34,,,0,30,,901,34,,,0,70,,920,34,,,0,30,,907,34,,,0,70,,922,34,,,0,30,,908,34,,,0,70,,917,34,,,0,30,,906,34,,,0,70,,927,34,,,0,30,,909,34,,,0,70,,918,34,,,0,30,,910,34,,,0,70,,925,34,,,0,30,,903,34,,,0,70,,926,34,,,0,30,,912,34,,,0,100,,913,34,,,0,100,,914,34,,,0,100,,911,34,,,0,100,,915,34,,,0
