500,'4327',805,,1166,35,,,0,98,,1160,35,,,0,100,,1165,35,,,0,100,,1164,35,,,0,100,,1167,35,,,0,100,,1161,35,,,0,100,,1162,35,,,0,100,,1163,35,,,0,100,,1174,35,,,0,100,,1173,35,,,0,100,,1172,35,,,0,100,,1171,35,,,0,100,,1170,35,,,0,100,,1168,35,,,0,100,,1169,35,,,0
500,'4795',735,,66,35,,,0,68,,75,35,,,0,25,,65,35,,,0,75,,76,35,,,0,25,,64,35,,,0,75,,77,35,,,0,100,,81,35,,,0,100,,82,35,,,0,100,,78,35,,,0,100,,79,35,,,0,100,,80,35,,,0,100,,70,35,,,0,30,,84,35,,,0,70,,68,35,,,0,30,,67,35,,,0,70,,69,35,,,0,30,,85,35,,,0,70,,72,35,,,0,100,,73,35,,,0,100,,71,35,,,0,100,,74,35,,,0,100,,83,35,,,0
500,'4800',805,,87,35,,,0,98,,91,35,,,0,100,,88,35,,,0,100,,95,35,,,0,100,,86,35,,,0,100,,96,35,,,0,100,,100,35,,,0,100,,99,35,,,0,100,,89,35,,,0,100,,97,35,,,0,100,,98,35,,,0,100,,93,35,,,0,100,,94,35,,,0,100,,92,35,,,0,100,,90,35,,,0
500,'5102',735,,1177,35,,,0,68,,1186,35,,,0,25,,1176,35,,,0,75,,1187,35,,,0,25,,1175,35,,,0,75,,1188,35,,,0,100,,1192,35,,,0,100,,1193,35,,,0,100,,1189,35,,,0,100,,1190,35,,,0,100,,1191,35,,,0,100,,1181,35,,,0,30,,1195,35,,,0,70,,1179,35,,,0,30,,1178,35,,,0,70,,1180,35,,,0,30,,1196,35,,,0,70,,1184,35,,,0,100,,1182,35,,,0,100,,1183,35,,,0,100,,1185,35,,,0,100,,1194,35,,,0
500,'5105',805,,1198,35,,,0,98,,1202,35,,,0,100,,1199,35,,,0,100,,1206,35,,,0,100,,1197,35,,,0,100,,1207,35,,,0,100,,1211,35,,,0,100,,1210,35,,,0,100,,1200,35,,,0,100,,1208,35,,,0,100,,1209,35,,,0,100,,1204,35,,,0,100,,1205,35,,,0,100,,1203,35,,,0,100,,1201,35,,,0
1000,'4327',945,,1264,15,,,0,100,,1267,15,,,0,100,,1265,15,,,0,100,,1266,15,,,0,100,,1268,15,,,0,100,,1269,15,,,0,100,,1271,15,,,0,100,,1270,15,,,0,100,,1272,15,,,0,100,,1273,15,,,0
1000,'4795',645,,190,15,,,0,70,,177,15,,,0,30,,178,15,,,0,72,,171,15,,,0,28,,164,15,,,0,70,,180,15,,,0,30,,173,15,,,0,70,,163,15,,,0,30,,182,15,,,0,70,,172,15,,,0,30,,185,15,,,0,70,,170,15,,,0,30,,187,15,,,0,70,,186,15,,,0,30,,165,15,,,0,70,,167,15,,,0,30,,191,15,,,0,70,,174,15,,,0,30,,179,15,,,0,70,,166,15,,,0,30,,176,15,,,0,70,,183,15,,,0,30,,169,15,,,0,70,,175,15,,,0,30,,181,15,,,0,70,,188,15,,,0,30,,168,15,,,0,100,,184,15,,,0,100,,189,15,,,0
1000,'4800',745,,192,15,,,0,70,,193,15,,,0,30,,194,15,,,0,70,,195,15,,,0,30,,199,15,,,0,70,,197,15,,,0,30,,196,15,,,0,70,,198,15,,,0,30,,200,15,,,0,70,,201,15,,,0,30,,202,15,,,0,70,,203,15,,,0,30,,204,15,,,0,70,,205,15,,,0,30,,206,15,,,0,70,,207,15,,,0,30,,208,15,,,0,70,,210,15,,,0,30,,209,15,,,0,70,,211,15,,,0,30,,212,15,,,0,70,,217,15,,,0,30,,213,15,,,0,100,,214,15,,,0,100,,216,15,,,0,100,,215,15,,,0
1000,'5102',645,,1301,15,,,0,70,,1288,15,,,0,30,,1289,15,,,0,72,,1282,15,,,0,28,,1275,15,,,0,70,,1291,15,,,0,30,,1284,15,,,0,70,,1274,15,,,0,30,,1293,15,,,0,70,,1283,15,,,0,30,,1296,15,,,0,70,,1281,15,,,0,30,,1298,15,,,0,70,,1297,15,,,0,30,,1276,15,,,0,70,,1278,15,,,0,30,,1302,15,,,0,70,,1285,15,,,0,30,,1290,15,,,0,70,,1277,15,,,0,30,,1287,15,,,0,70,,1294,15,,,0,30,,1280,15,,,0,70,,1286,15,,,0,30,,1292,15,,,0,70,,1299,15,,,0,30,,1279,15,,,0,100,,1295,15,,,0,100,,1300,15,,,0
1000,'5105',745,,1303,15,,,0,70,,1304,15,,,0,30,,1305,15,,,0,70,,1306,15,,,0,30,,1310,15,,,0,70,,1308,15,,,0,30,,1307,15,,,0,70,,1309,15,,,0,30,,1311,15,,,0,70,,1312,15,,,0,30,,1313,15,,,0,70,,1314,15,,,0,30,,1315,15,,,0,70,,1316,15,,,0,30,,1317,15,,,0,70,,1318,15,,,0,30,,1319,15,,,0,70,,1321,15,,,0,30,,1320,15,,,0,70,,1322,15,,,0,30,,1323,15,,,0,70,,1328,15,,,0,30,,1324,15,,,0,100,,1325,15,,,0,100,,1327,15,,,0,100,,1326,15,,,0
