501,'4327',821,,1218,14,,,0,100,,1213,14,,,0,100,,1212,14,,,0,100,,1215,14,,,0,100,,1217,14,,,0,100,,1216,14,,,0,100,,1214,14,,,0,100,,1226,14,,,0,100,,1225,14,,,0,100,,1224,14,,,0,100,,1223,14,,,0,100,,1222,14,,,0,100,,1220,14,,,0,100,,1221,14,,,0
501,'4795',720,,127,14,,,0,28,,118,14,,,0,73,,128,14,,,0,28,,119,14,,,0,72,,129,14,,,0,100,,126,14,,,0,100,,131,14,,,0,100,,133,14,,,0,100,,130,14,,,0,100,,134,14,,,0,99,,132,14,,,0,30,,136,14,,,0,70,,135,14,,,0,30,,117,14,,,0,71,,122,14,,,0,28,,137,14,,,0,71,,124,14,,,0,100,,123,14,,,0,100,,121,14,,,0,100,,120,14,,,0,100,,125,14,,,0
501,'4800',821,,148,14,,,0,100,,139,14,,,0,100,,150,14,,,0,100,,145,14,,,0,100,,151,14,,,0,100,,138,14,,,0,100,,147,14,,,0,100,,141,14,,,0,100,,152,14,,,0,100,,146,14,,,0,100,,142,14,,,0,100,,140,14,,,0,100,,143,14,,,0,100,,144,14,,,0
501,'5102',720,,1238,14,,,0,28,,1229,14,,,0,73,,1239,14,,,0,28,,1230,14,,,0,72,,1240,14,,,0,100,,1237,14,,,0,100,,1242,14,,,0,100,,1244,14,,,0,100,,1241,14,,,0,100,,1245,14,,,0,99,,1243,14,,,0,30,,1247,14,,,0,70,,1246,14,,,0,30,,1228,14,,,0,71,,1233,14,,,0,28,,1248,14,,,0,71,,1235,14,,,0,100,,1234,14,,,0,100,,1232,14,,,0,100,,1231,14,,,0,100,,1236,14,,,0
501,'5105',821,,1259,14,,,0,100,,1250,14,,,0,100,,1261,14,,,0,100,,1256,14,,,0,100,,1262,14,,,0,100,,1249,14,,,0,100,,1258,14,,,0,100,,1252,14,,,0,100,,1263,14,,,0,100,,1257,14,,,0,100,,1253,14,,,0,100,,1251,14,,,0,100,,1254,14,,,0,100,,1255,14,,,0
4601,'4327',852,,1708,20,,,0,100,,1707,20,,,0,100,,1709,20,,,0,100,,1706,20,,,0,100,,1705,20,,,0,100,,1704,20,,,0,100,,1702,20,,,0,100,,1712,20,,,0,100,,1711,20,,,0,100,,1703,20,,,0,100,,1710,20,,,0
4601,'4795',719,,700,20,,,0,100,,701,20,,,0,100,,702,20,,,0,100,,703,20,,,0,100,,704,20,,,0,100,,705,20,,,0,100,,706,20,,,0,100,,707,20,,,0,100,,699,20,,,0,100,,694,20,,,0,100,,695,20,,,0,100,,696,20,,,0,100,,697,20,,,0,100,,698,20,,,0
4601,'4800',752,,720,20,,,0,100,,710,20,,,0,100,,721,20,,,0,100,,708,20,,,0,100,,719,20,,,0,100,,714,20,,,0,100,,715,20,,,0,100,,716,20,,,0,100,,709,20,,,0,100,,717,20,,,0,100,,711,20,,,0,100,,718,20,,,0,100,,713,20,,,0,100,,712,20,,,0
4601,'5102',719,,1719,20,,,0,100,,1720,20,,,0,100,,1721,20,,,0,100,,1723,20,,,0,100,,1724,20,,,0,100,,1722,20,,,0,100,,1725,20,,,0,100,,1726,20,,,0,100,,1718,20,,,0,100,,1713,20,,,0,100,,1715,20,,,0,100,,1714,20,,,0,100,,1716,20,,,0,100,,1717,20,,,0
4601,'5105',752,,1739,20,,,0,100,,1729,20,,,0,100,,1740,20,,,0,100,,1727,20,,,0,100,,1738,20,,,0,100,,1733,20,,,0,100,,1734,20,,,0,100,,1735,20,,,0,100,,1728,20,,,0,100,,1736,20,,,0,100,,1730,20,,,0,100,,1737,20,,,0,100,,1732,20,,,0,100,,1731,20,,,0
