500,'4794',756,,55,23,,,0,98,,49,23,,,0,100,,54,23,,,0,100,,53,23,,,0,100,,56,23,,,0,100,,50,23,,,0,100,,51,23,,,0,100,,52,23,,,0,100,,63,23,,,0,100,,62,23,,,0,100,,61,23,,,0,100,,60,23,,,0,100,,59,23,,,0,100,,57,23,,,0,100,,58,23,,,0
500,'4795',726,,66,23,,,0,28,,75,23,,,0,65,,65,23,,,0,35,,76,23,,,0,65,,64,23,,,0,35,,77,23,,,0,100,,81,23,,,0,100,,82,23,,,0,100,,78,23,,,0,100,,79,23,,,0,100,,80,23,,,0,100,,70,23,,,0,70,,84,23,,,0,30,,68,23,,,0,70,,67,23,,,0,30,,69,23,,,0,70,,85,23,,,0,30,,72,23,,,0,100,,73,23,,,0,100,,71,23,,,0,100,,74,23,,,0,100,,83,23,,,0
500,'4800',756,,87,23,,,0,98,,91,23,,,0,100,,88,23,,,0,100,,95,23,,,0,100,,86,23,,,0,100,,96,23,,,0,100,,100,23,,,0,100,,99,23,,,0,100,,89,23,,,0,100,,97,23,,,0,100,,98,23,,,0,100,,93,23,,,0,100,,94,23,,,0,100,,92,23,,,0,100,,90,23,,,0
1001,'4794',956,,218,15,,,0,100,,219,15,,,0,100,,220,15,,,0,100,,221,15,,,0,100,,223,15,,,0,100,,222,15,,,0,100,,224,15,,,0,100,,225,15,,,0,100,,226,15,,,0,100,,227,15,,,0
1001,'4795',656,,255,15,,,0,70,,242,15,,,0,30,,243,15,,,0,72,,233,15,,,0,28,,229,15,,,0,70,,247,15,,,0,30,,236,15,,,0,70,,228,15,,,0,30,,250,15,,,0,70,,237,15,,,0,30,,253,15,,,0,70,,238,15,,,0,30,,254,15,,,0,70,,251,15,,,0,30,,230,15,,,0,70,,231,15,,,0,30,,256,15,,,0,70,,239,15,,,0,30,,244,15,,,0,70,,232,15,,,0,30,,240,15,,,0,70,,248,15,,,0,30,,234,15,,,0,70,,246,15,,,0,30,,241,15,,,0,70,,235,15,,,0,30,,252,15,,,0,100,,245,15,,,0,100,,249,15,,,0
1001,'4800',756,,257,15,,,0,70,,258,15,,,0,30,,262,15,,,0,70,,261,15,,,0,30,,260,15,,,0,70,,259,15,,,0,30,,263,15,,,0,70,,264,15,,,0,30,,265,15,,,0,70,,267,15,,,0,30,,266,15,,,0,70,,268,15,,,0,30,,270,15,,,0,70,,269,15,,,0,30,,271,15,,,0,70,,272,15,,,0,30,,273,15,,,0,70,,275,15,,,0,30,,274,15,,,0,70,,277,15,,,0,30,,276,15,,,0,100,,278,15,,,0,100,,279,15,,,0,100,,280,15,,,0
1101,'4795',704,,287,2,,,0,27,,287,43,,,0,3,,286,2,,,0,67,,286,43,,,0,3,,281,2,,,0,27,,281,43,,,0,3,,292,2,,,0,67,,292,43,,,0,3,,288,2,,,0,27,,288,43,,,0,3,,282,2,,,0,67,,282,43,,,0,3,,293,2,,,0,27,,293,43,,,0,73,,283,2,,,0,27,,283,43,,,0,73,,296,2,,,0,27,,296,43,,,0,73,,289,2,,,0,27,,289,43,,,0,73,,284,2,,,0,27,,284,43,,,0,73,,291,2,,,0,24,,295,3,,,0,3,,291,43,,,0,22,,295,44,,,0,51,,298,2,,,0,27,,298,43,,,0,3,,294,2,,,0,67,,294,43,,,0,3,,285,2,,,0,27,,285,43,,,0,3,,297,2,,,0,67,,297,43,,,0,3,,290,2,,,0,27,,290,43,,,0,3,,299,2,,,0,67,,299,43,,,0
1101,'4800',734,,300,2,,,0,67,,300,43,,,0,33,,301,2,,,0,67,,301,43,,,0,33,,302,2,,,0,67,,302,43,,,0,33,,303,2,,,0,67,,303,43,,,0,33,,304,2,,,0,67,,304,43,,,0,33,,305,2,,,0,67,,305,43,,,0,33,,306,2,,,0,67,,306,43,,,0,33,,307,2,,,0,67,,307,43,,,0,33,,308,2,,,0,67,,308,43,,,0,33,,309,2,,,0,67,,309,43,,,0,33,,310,2,,,0,67,,310,43,,,0
5500,'4795',714,,786,2,0,5 6,0,36,,760,15,0,5 6,0,60,,792,15,0,5 6,0,40,,762,15,0,5 6,0,60,,767,15,0,5 6,0,100,,788,15,0,5 6,0,101,,789,15,0,5 6,0,100,,791,15,0,5 6,0,100,,790,15,0,5 6,0,100,,796,15,0,5 6,0,99,,770,15,0,5 6,0,36,,800,2,0,5 6,0,67,,764,15,0,5 6,0,32,,775,15,0,5 6,0,69,,761,15,0,5 6,0,32,,784,15,0,5 6,0,68,,765,15,0,5 6,0,30,,779,15,0,5 6,0,68,,774,15,0,5 6,0,100,,772,15,0,5 6,0,98,,776,15,0,15,0
5501,'4794',842,,822,16,,,0,100,,824,16,,,0,100,,823,16,,,0,100,,825,16,,,0,100,,818,16,,,0,100,,826,16,,,0,100,,820,16,,,0,100,,817,16,,,0,100,,816,16,,,0,100,,821,16,,,0,100,,819,16,,,0
5501,'4800',736,,828,2,,,0,106,,830,15,,,0,100,,833,15,,,0,100,,831,15,,,0,100,,829,15,,,0,100,,835,15,,,0,100,,832,15,,,0,100,,834,15,,,0,100,,839,15,,,0,100,,838,15,,,0,100,,836,15,,,0,100,,827,15,,,0,100,,841,15,,,0,100,,840,15,,,0,100,,837,15,,,0
8900,'4794',833,,939,24,,,0,100,,937,24,,,0,100,,928,24,,,0,100,,930,24,,,0,100,,929,24,,,0,70,,949,24,,,0,30,,931,24,,,0,70,,947,24,,,0,30,,932,24,,,0,70,,945,24,,,0,30,,933,24,,,0,70,,946,24,,,0,30,,934,24,,,0,70,,950,24,,,0,30,,936,24,,,0,100,,938,24,,,0,100,,935,24,,,0,100,,942,24,,,0,100,,944,24,,,0,100,,941,24,,,0
8900,'4795',703,,983,2,,,0,40,,963,24,,,0,60,,980,24,,,0,22,,965,24,,,0,19,,970,24,,,0,59,,979,24,,,0,22,,966,24,,,0,19,,967,24,,,0,59,,953,24,,,0,30,,964,24,,,0,70,,973,24,,,0,30,,952,24,,,0,70,,956,24,,,0,30,,961,24,,,0,70,,977,24,,,0,30,,951,24,,,0,70,,955,24,,,0,30,,962,24,,,0,70,,976,24,,,0,18,,985,24,,,0,19,,954,24,,,0,63,,957,24,,,0,18,,986,24,,,0,19,,968,24,,,0,63,,975,24,,,0,30,,974,24,,,0,70,,960,24,,,0,30,,972,24,,,0,70,,969,24,,,0,30,,982,24,,,0,70,,959,24,,,0,100,,978,24,,,0,100,,958,24,,,0
8900,'4800',803,,1014,24,,,0,30,,987,24,,,0,70,,1013,24,,,0,30,,988,24,,,0,70,,1012,24,,,0,30,,989,24,,,0,70,,1009,24,,,0,30,,990,24,,,0,70,,1008,24,,,0,30,,992,24,,,0,70,,1004,24,,,0,30,,994,24,,,0,70,,1006,24,,,0,30,,991,24,,,0,70,,1007,24,,,0,30,,997,24,,,0,70,,1010,24,,,0,30,,998,24,,,0,70,,1011,24,,,0,30,,993,24,,,0,70,,1015,24,,,0,30,,996,24,,,0,70,,1016,24,,,0,30,,995,24,,,0,100,,999,24,,,0,100,,1000,24,,,0,100,,1001,24,,,0
9100,'4794',805,,1027,2,,,0,100,,1019,2,,,0,100,,1017,2,,,0,100,,1018,2,,,0,100,,1020,2,,,0,100,,1022,2,,,0,100,,1024,2,,,0,100,,1021,2,,,0,100,,1023,2,,,0,100,,1025,2,,,0,100,,1026,2,,,0
9100,'4795',705,,1028,2,,,0,100,,1030,2,,,0,100,,1031,2,,,0,100,,1034,2,,,0,100,,1029,2,,,0,100,,1036,2,,,0,100,,1033,2,,,0,100,,1035,2,,,0,100,,1037,2,,,0,100,,1032,2,,,0,100,,1038,2,,,0,100,,1039,2,,,0,100,,1040,2,,,0,100,,1041,2,,,0
9100,'4800',805,,1046,2,,,0,100,,1045,2,,,0,100,,1052,2,,,0,100,,1053,2,,,0,100,,1042,2,,,0,100,,1043,2,,,0,100,,1047,2,,,0,100,,1044,2,,,0,100,,1049,2,,,0,100,,1050,2,,,0,100,,1051,2,,,0,100,,1048,2,,,0,100,,1054,2,,,0
9600,'4795',741,,1097,2,0,8 9 10 11,0,3,,1096,2,0,8 9 10 11,0
9601,'4795',1445,,1101,2,,,0
9701,'4795',750,,1102,2,0,8 9 10 11,0,705,,1103,2,0,7,0
