9101,'4327',841,,2081,20,,,0,100,,2073,20,,,0,100,,2076,20,,,0,100,,2074,20,,,0,100,,2075,20,,,0,100,,2077,20,,,0,100,,2072,20,,,0,100,,2078,20,,,0,100,,2079,20,,,0,100,,2080,20,,,0,100,,2082,20,,,0
9101,'4795',641,,1066,20,,,0,100,,1068,20,,,0,100,,1069,20,,,0,100,,1070,20,,,0,100,,1067,20,,,0,100,,1071,20,,,0,100,,1072,20,,,0,100,,1075,20,,,0,100,,1074,20,,,0,100,,1076,20,,,0,101,,1073,20,,,0,100,,1079,20,,,0,99,,1077,20,,,0,100,,1078,20,,,0,100,,1080,20,,,0
9101,'4800',841,,1081,20,,,0,100,,1082,20,,,0,100,,1084,20,,,0,100,,1086,20,,,0,100,,1083,20,,,0,100,,1087,20,,,0,100,,1085,20,,,0,100,,1089,20,,,0,100,,1090,20,,,0,100,,1091,20,,,0,100,,1088,20,,,0,100,,1092,20,,,0,100,,1093,20,,,0
9101,'5102',641,,2084,20,,,0,100,,2083,20,,,0,100,,2086,20,,,0,100,,2087,20,,,0,100,,2085,20,,,0,100,,2088,20,,,0,100,,2089,20,,,0,100,,2092,20,,,0,100,,2091,20,,,0,100,,2093,20,,,0,101,,2090,20,,,0,100,,2096,20,,,0,99,,2094,20,,,0,100,,2095,20,,,0,100,,2097,20,,,0
9101,'5105',841,,2098,20,,,0,100,,2099,20,,,0,100,,2101,20,,,0,100,,2103,20,,,0,100,,2100,20,,,0,100,,2104,20,,,0,100,,2102,20,,,0,100,,2106,20,,,0,100,,2107,20,,,0,100,,2108,20,,,0,100,,2105,20,,,0,100,,2109,20,,,0,100,,2110,20,,,0
9600,'4795',821,,1095,3,,,0,3,,1094,3,,,0
9600,'5102',821,,2112,3,,,0,3,,2111,3,,,0
9601,'4795',1510,,1099,3,0,7,0,5,,1098,3,0,7,0
9601,'5102',1510,,2116,3,0,7,0,5,,2115,3,0,7,0
9701,'4795',822,,1102,31,0,8 9 10 11,0
9701,'5102',822,,2119,31,0,8 9 10 11,0
