100,105013,1,0,0
100,105076,2,0,0
100,105367,3,0,0
100,105366,4,0,0
100,105365,5,0,0
100,105364,6,0,0
100,105363,7,0,0
100,105362,8,0,0
100,105361,9,0,0
100,105077,10,0,0
100,105115,11,0,0
100,105116,12,0,0
100,105117,13,0,0
100,105118,14,0,0
100,105042,15,0,0
100,105041,16,0,0
100,105123,17,0,0
100,105359,18,0,0
100,105358,19,0,0
100,105357,20,0,0
100,105356,21,0,0
100,105355,22,0,0
100,105360,23,0,0
100,105354,24,0,0
100,105353,25,0,0
100,105352,26,0,0
100,105351,27,0,0
100,105350,28,0,0
100,105349,29,0,0
100,105348,30,0,0
100,105347,31,0,0
100,105346,32,0,0
100,105345,33,0,0
100,105344,34,0,0
100,105343,35,0,0
100,105296,36,0,0
100,105297,37,0,0
100,105298,38,0,0
100,105299,39,0,0
100,105300,40,0,0
100,105082,41,0,0
100,105246,42,0,0
100,105247,43,0,0
500,105011,1,0,0
500,105068,2,0,0
500,105330,3,0,0
500,105331,4,0,0
500,105332,5,0,0
500,105333,6,0,0
500,105334,7,0,0
500,105335,8,0,0
500,105336,9,0,0
500,180063,10,0,0
500,105064,11,0,0
500,105322,12,0,0
500,105338,13,0,0
500,105339,14,0,0
500,105340,15,0,0
500,105061,16,0,0
500,105062,17,0,0
500,105081,18,0,0
500,105082,19,0,0
500,105246,20,0,0
500,105247,21,0,0
500,105013,22,0,0
500,105101,23,0,0
500,105145,24,0,0
500,105144,25,0,0
500,105138,26,0,0
500,105137,27,0,0
500,105133,28,0,0
500,105132,29,0,0
500,105131,30,0,0
500,105130,31,0,0
500,105129,32,0,0
500,105143,33,0,0
500,105209,34,0,0
500,105208,35,0,0
500,105094,36,0,0
500,105000,37,1,1
501,105000,1,0,0
501,105128,2,0,0
501,105127,3,0,0
501,105126,4,0,0
501,105125,5,0,0
501,105124,6,0,0
501,105119,7,0,0
501,105164,8,0,0
501,105163,9,0,0
501,105342,10,0,0
501,105341,11,0,0
501,105242,12,0,0
501,105245,13,0,0
501,105241,14,0,0
501,105244,15,0,0
501,105240,16,0,0
501,105239,17,0,0
501,105238,18,0,0
501,105237,19,0,0
501,105236,20,0,0
501,105235,21,0,0
501,105234,22,0,0
501,105233,23,0,0
501,105232,24,0,0
501,105011,25,1,1
1000,105016,1,0,0
1000,105076,2,0,0
1000,105219,3,0,0
1000,105218,4,0,0
1000,105217,5,0,0
1000,105216,6,0,0
1000,105215,7,0,0
1000,105214,8,0,0
1000,180052,9,0,0
1000,105213,10,0,0
1000,105212,11,0,0
1000,105211,12,0,0
1000,180022,13,0,0
1000,180055,14,0,0
1000,105209,15,0,0
1000,105208,16,0,0
1000,105094,17,0,0
1000,105002,18,1,1
1001,105002,1,0,0
1001,180035,2,0,0
1001,105091,3,0,0
1001,105090,4,0,0
1001,105207,5,0,0
1001,105206,6,0,0
1001,180026,7,0,0
1001,180025,8,0,0
1001,180024,9,0,0
1001,180021,10,0,0
1001,180019,11,0,0
1001,180020,12,0,0
1001,180018,13,0,0
1001,105220,14,0,0
1001,105101,15,0,0
1001,105016,16,1,1
1101,180032,1,0,0
1101,105013,2,0,0
1101,105101,3,0,0
1101,105102,4,0,0
1101,105103,5,0,0
1101,105104,6,0,0
1101,105301,7,0,0
1101,105302,8,0,0
1101,105303,9,0,0
1101,105304,10,0,0
1101,105305,11,0,0
1101,105306,12,0,0
1101,105307,13,0,0
1101,105308,14,0,0
1101,180036,15,0,0
1101,105309,16,0,0
1101,105310,17,0,0
1101,105312,18,0,0
1101,105311,19,0,0
1101,105313,20,0,0
1101,105314,21,0,0
1101,105315,22,0,0
1101,105316,23,0,0
1101,105317,24,0,0
1101,105318,25,0,0
1101,105319,26,0,0
1101,105320,27,0,0
1101,105321,28,0,0
1101,105108,29,0,0
1101,105109,30,0,0
1101,105110,31,0,0
1101,105111,32,0,0
1101,105112,33,0,0
1101,105064,34,0,0
1101,105322,35,0,0
1101,105323,36,0,0
1101,105324,37,0,0
1101,105325,38,0,0
1101,105326,39,0,0
1101,105327,40,0,0
1101,105328,41,0,0
1101,105329,42,0,0
1101,105220,43,0,0
1500,105017,1,0,0
1500,105064,2,0,0
1500,180001,3,0,0
1500,105066,4,0,0
1500,180061,5,0,0
1500,105026,6,0,0
1500,105069,7,0,0
1500,105071,8,0,0
1500,105070,9,0,0
1500,105072,10,0,0
1500,105073,11,0,0
1500,105075,12,0,0
1500,105074,13,0,0
1500,105136,14,0,0
1500,105135,15,0,0
1500,105134,16,0,0
1500,105100,17,0,0
1500,105098,18,0,0
1500,105097,19,0,0
1500,105096,20,0,0
1500,105095,21,0,0
1500,105094,22,0,0
1500,105002,23,1,1
1501,105002,1,0,0
1501,180035,2,0,0
1501,105091,3,0,0
1501,105090,4,0,0
1501,105089,5,0,0
1501,105088,6,0,0
1501,105087,7,0,0
1501,105086,8,0,0
1501,105085,9,0,0
1501,105084,10,0,0
1501,105003,11,0,0
1501,105083,12,0,0
1501,105080,13,0,0
1501,105079,14,0,0
1501,105078,15,0,0
1501,105077,16,0,0
1501,105113,17,0,0
1501,105017,18,1,1
1601,105017,1,0,0
1601,105060,2,0,0
1601,180002,3,0,0
1601,105006,4,0,0
1601,105379,5,0,0
1601,105378,6,0,0
1601,105372,7,0,0
1601,105371,8,0,0
1601,105370,9,0,0
1601,105369,10,0,0
1601,105368,11,0,0
1601,105049,12,0,0
1601,105050,13,0,0
1601,105051,14,0,0
1601,105052,15,0,0
1601,105053,16,0,0
1601,105054,17,0,0
1601,105056,18,0,0
1601,105065,19,0,0
1601,105067,20,0,0
1601,105249,21,0,0
1601,105250,22,0,0
1601,105251,23,0,0
1601,105252,24,0,0
1601,105253,25,0,0
1601,105254,26,0,0
1601,105255,27,0,0
1601,105256,28,0,0
1601,105007,29,0,0
1601,105058,30,0,0
1601,105059,31,0,0
1900,105017,1,0,0
1900,105060,2,0,0
1900,180002,3,0,0
1900,105006,4,0,0
1900,105379,5,0,0
1900,105378,6,0,0
1900,105377,7,0,0
1900,105376,8,0,0
1900,105375,9,0,0
1900,105374,10,0,0
1900,105373,11,0,0
1900,105259,12,0,0
1900,105019,13,0,0
1900,105114,14,0,0
1900,105007,15,0,0
1900,105058,16,0,0
1900,105059,17,0,0
4600,105010,1,0,0
4600,105285,2,0,0
4600,105283,3,0,0
4600,180051,4,0,0
4600,105021,5,0,0
4600,105023,6,0,0
4600,105004,7,0,0
4600,105069,8,0,0
4600,105071,9,0,0
4600,105070,10,0,0
4600,105072,11,0,0
4600,105027,12,0,0
4600,105028,13,0,0
4600,105030,14,0,0
4600,105029,15,0,0
4600,105074,16,0,0
4600,105136,17,0,0
4600,105135,18,0,0
4600,105134,19,0,0
4600,180003,20,0,0
4600,105031,21,0,0
4600,105097,22,0,0
4600,105096,23,0,0
4600,105095,24,0,0
4600,105094,25,0,0
4600,105002,26,1,1
4601,105002,1,0,0
4601,105037,2,0,0
4601,105032,3,0,0
4601,105267,4,0,0
4601,105036,5,0,0
4601,105403,6,0,0
4601,105274,7,0,0
4601,105273,8,0,0
4601,180030,9,0,0
4601,105405,10,0,0
4601,105271,11,0,0
4601,105408,12,0,0
4601,105043,13,0,0
4601,105409,14,0,0
4601,105039,15,0,0
4601,105040,16,0,0
4601,105099,17,0,0
4601,105046,18,0,0
4601,105045,19,0,0
4601,105241,20,0,0
4601,105044,21,0,0
4601,105048,22,0,0
4601,105047,23,0,0
4601,105287,24,0,0
4601,105286,25,0,0
4601,105237,26,0,0
4601,105236,27,0,0
4601,105235,28,0,0
4601,105234,29,0,0
4601,105233,30,0,0
4601,105232,31,0,0
4601,105010,32,1,1
4700,105010,1,0,0
4700,105068,2,0,0
4700,105330,3,0,0
4700,105331,4,0,0
4700,105231,5,0,0
4700,105243,6,0,0
4700,105230,7,0,0
4700,105229,8,0,0
4700,105228,9,0,0
4700,105227,10,0,0
4700,105226,11,0,0
4700,105280,12,0,0
4700,105048,13,0,0
4700,105224,14,0,0
4700,105279,15,0,0
4700,105276,16,0,0
4700,105277,17,0,0
4700,105278,18,0,0
4700,105275,19,0,0
4700,105274,20,0,0
4700,105273,21,0,0
4700,180030,22,0,0
4700,105405,23,0,0
4700,105271,24,0,0
4700,105270,25,0,0
4700,105269,26,0,0
4700,105033,27,0,0
4700,105266,28,0,0
4700,105265,29,0,0
4700,105000,30,0,0
4700,105134,31,0,0
4700,105100,32,0,0
4700,105098,33,0,0
4700,105097,34,0,0
4700,105096,35,0,0
4700,105095,36,0,0
4700,105094,37,0,0
4700,105002,38,1,1
4701,105002,1,0,0
4701,180035,2,0,0
4701,105091,3,0,0
4701,105264,4,0,0
4701,105263,5,0,0
4701,105411,6,0,0
4701,105410,7,0,0
4701,105088,8,0,0
4701,105087,9,0,0
4701,105086,10,0,0
4701,105085,11,0,0
4701,105084,12,0,0
4701,105005,13,0,0
4701,105038,14,0,0
4701,105022,15,0,0
4701,180027,16,0,0
4701,105282,17,0,0
4701,105010,18,1,1
8801,105008,1,0,0
8801,105203,2,0,0
8801,105521,3,0,0
8801,105522,4,0,0
8801,105523,5,0,0
8801,105524,6,0,0
8801,105525,7,0,0
8801,105425,8,0,0
8801,105426,9,0,0
8801,105428,10,0,0
8801,105427,11,0,0
8801,105430,12,0,0
8801,105431,13,0,0
8801,105013,14,0,0
8801,105076,15,0,0
8801,180058,16,0,0
8801,180059,17,0,0
8801,105005,18,0,0
8801,105038,19,0,0
8801,105022,20,0,0
8801,180027,21,0,0
8801,105282,22,0,0
8801,105010,23,0,0
8801,105449,24,0,0
8801,105450,25,0,0
8801,105451,26,0,0
8801,105237,27,0,0
8801,180074,28,0,0
8801,180077,29,0,0
8801,105441,30,0,0
8801,105424,31,0,0
8801,105437,32,0,0
8801,105435,33,0,0
8801,180002,34,0,0
8801,105006,35,0,0
8801,105379,36,0,0
8801,105378,37,0,0
8801,105377,38,0,0
8801,105376,39,0,0
8801,105375,40,0,0
8801,105374,41,0,0
8801,105373,42,0,0
8801,105259,43,0,0
8801,105290,44,0,0
8801,105281,45,0,0
8801,105820,46,0,0
8801,105019,47,1,1
8900,105019,1,0,0
8900,105114,2,0,0
8900,105007,3,0,0
8900,105434,4,0,0
8900,105436,5,0,0
8900,105438,6,0,0
8900,105439,7,0,0
8900,105440,8,0,0
8900,180075,9,0,0
8900,180076,10,0,0
8900,105227,11,0,0
8900,105445,12,0,0
8900,105446,13,0,0
8900,105447,14,0,0
8900,105488,15,0,0
8900,105011,16,0,0
8900,105285,17,0,0
8900,105283,18,0,0
8900,180051,19,0,0
8900,105021,20,0,0
8900,105023,21,0,0
8900,105026,22,0,0
8900,105014,23,0,0
8900,105101,24,0,0
8900,105511,25,0,0
8900,105512,26,0,0
8900,105180,27,0,0
8900,105188,28,0,0
8900,105187,29,0,0
8900,105186,30,0,0
8900,105185,31,0,0
8900,105184,32,0,0
8900,105183,33,0,0
8900,105812,34,0,0
8900,105181,35,0,0
8900,105173,36,0,0
8900,105398,37,0,0
8900,105399,38,0,0
8900,105394,39,0,0
8900,105400,40,0,0
8900,105401,41,0,0
8900,105454,42,0,0
8900,105008,43,1,1
9100,105014,1,0,0
9100,105101,2,0,0
9100,105412,3,0,0
9100,105413,4,0,0
9100,105414,5,0,0
9100,180053,6,0,0
9100,105417,7,0,0
9100,180064,8,0,0
9100,105418,9,0,0
9100,105415,10,0,0
9100,105416,11,0,0
9100,105419,12,0,0
9100,105149,13,0,0
9100,105148,14,0,0
9100,105151,15,0,0
9100,105176,16,0,0
9100,105157,17,0,0
9100,105174,18,0,0
9100,105170,19,0,0
9100,105166,20,0,0
9100,105171,21,0,0
9100,105173,22,0,0
9100,105398,23,0,0
9100,105399,24,0,0
9100,105394,25,0,0
9100,105400,26,0,0
9100,105401,27,0,0
9100,105454,28,0,0
9100,105008,29,1,1
9101,105008,1,0,0
9101,105193,2,0,0
9101,105192,3,0,0
9101,180014,4,0,0
9101,105190,5,0,0
9101,105197,6,0,0
9101,105198,7,0,0
9101,105199,8,0,0
9101,105200,9,0,0
9101,105201,10,0,0
9101,105202,11,0,0
9101,105518,12,0,0
9101,105517,13,0,0
9101,105519,14,0,0
9101,105520,15,0,0
9101,180037,16,0,0
9101,180062,17,0,0
9101,105178,18,0,0
9101,105500,19,0,0
9101,105501,20,0,0
9101,105502,21,0,0
9101,105503,22,0,0
9101,105507,23,0,0
9101,180060,24,0,0
9101,105509,25,0,0
9101,105510,26,0,0
9101,105419,27,0,0
9101,105420,28,0,0
9101,105421,29,0,0
9101,105422,30,0,0
9101,180065,31,0,0
9101,105395,32,0,0
9101,180054,33,0,0
9101,105396,34,0,0
9101,105139,35,0,0
9101,105397,36,0,0
9101,105014,37,1,1
16100,185025,1,0,0
16100,185024,2,0,0
16100,185016,3,0,0
16100,185017,4,0,0
16100,185018,5,0,0
16100,185019,6,0,0
16100,185020,7,0,0
16100,185021,8,0,0
16100,185022,9,0,0
16100,185015,10,0,0
16100,185014,11,0,0
16100,185013,12,0,0
16100,185012,13,0,0
16100,185010,14,0,0
16100,185008,15,0,0
16100,185007,16,0,0
16100,185006,17,0,0
16100,185001,18,0,0
16100,185003,19,0,0
16100,185005,20,0,0
16100,185002,21,0,0
16100,185040,22,0,0
16100,185000,23,0,0
16100,180029,24,0,0
16100,105010,25,0,0
16100,105026,26,0,0
16100,105075,27,0,0
16100,105001,28,1,1
16101,105001,1,0,0
16101,105089,2,0,0
16101,105005,3,0,0
16101,105011,4,0,0
16101,105019,5,0,0
16101,185000,6,0,0
16101,185040,7,0,0
16101,185001,8,0,0
16101,185003,9,0,0
16101,185005,10,0,0
16101,185002,11,0,0
16101,185006,12,0,0
16101,185007,13,0,0
16101,185009,14,0,0
16101,185010,15,0,0
16101,185012,16,0,0
16101,185013,17,0,0
16101,185014,18,0,0
16101,185015,19,0,0
16101,185016,20,0,0
16101,185017,21,0,0
16101,185018,22,0,0
16101,185019,23,0,0
16101,185020,24,0,0
16101,185021,25,0,0
16101,185022,26,0,0
16101,185023,27,0,0
16101,185024,28,0,0
16101,185025,29,1,1
16200,185030,1,0,0
16200,185038,2,0,0
16200,195006,3,0,0
16200,195005,4,0,0
16200,195003,5,0,0
16200,195001,6,0,0
16200,185037,8,0,0
16200,185042,9,0,0
16200,185036,10,0,0
16200,185034,11,0,0
16200,185032,12,0,0
16200,185031,13,0,0
16200,185029,15,0,0
16200,185027,16,0,0
16200,185026,17,0,0
16200,185025,18,0,0
16200,185024,19,0,0
16200,185016,20,0,0
16200,185017,21,0,0
16200,185018,22,0,0
16200,185019,23,0,0
16200,185020,24,0,0
16200,185021,25,0,0
16200,185022,26,0,0
16200,185023,27,0,0
16200,185028,30,0,0
16200,185033,34,0,0
16200,185035,35,0,0
16200,185041,36,0,0
16200,195000,39,0,0
16200,195002,40,0,0
16200,195004,41,0,0
55019,105011,1,0,0
55019,105068,2,0,0
55019,105330,3,0,0
55019,105331,4,0,0
55019,105231,5,0,0
55019,105243,6,0,0
55019,105230,7,0,0
55019,105229,8,0,0
55019,105228,9,0,0
55019,105227,10,0,0
55019,105226,11,0,0
55019,105225,12,0,0
55019,105244,13,0,0
55019,105240,14,0,0
55019,105239,15,0,0
55019,105224,16,0,0
55019,105223,17,0,0
55019,105222,18,0,0
55019,105221,19,0,0
55019,180017,20,0,0
55019,180016,21,0,0
55019,180015,22,0,0
55019,180006,23,0,0
55019,105162,24,0,0
55019,180008,25,0,0
55019,180007,26,0,0
55019,105136,27,0,0
55019,105135,28,0,0
55019,105001,29,1,1
55029,105001,1,0,0
55029,180023,2,0,0
55029,180009,3,0,0
55029,180011,4,0,0
55029,180010,5,0,0
55029,105161,6,0,0
55029,105142,7,0,0
55029,105141,8,0,0
55029,105140,9,0,0
55029,105132,10,0,0
55029,105122,11,0,0
55029,105121,12,0,0
55029,105182,13,0,0
55029,180005,14,0,0
55029,105013,15,0,0
55029,105101,16,0,0
55029,105102,17,0,0
55029,105103,18,0,0
55029,105104,19,0,0
55029,105105,20,0,0
55029,105106,21,0,0
55029,105107,22,0,0
55029,105120,23,0,0
55029,180004,24,0,0
55029,105362,25,0,0
55029,105361,26,0,0
55029,105077,27,0,0
55029,105191,28,0,0
55029,180013,29,0,0
55029,180012,30,0,0
55029,105160,31,0,0
55029,105024,32,0,0
55029,105025,33,0,0
55029,105233,34,0,0
55029,105232,35,0,0
55029,105011,36,1,1
