100,'4327',909,,1112,9,,,0,100,,1113,9,,,0,100,,1115,9,,,0,100,,1114,9,,,0,100,,1116,9,,,0,100,,1117,9,,,0,100,,1118,9,,,0,100,,1120,9,,,0,100,,1119,9,,,0,100,,1121,9,,,0
100,'4795',609,,32,9,,,0,130,,11,9,,,0,70,,25,9,,,0,30,,18,9,,,0,70,,13,9,,,0,30,,26,9,,,0,70,,20,9,,,0,30,,21,9,,,0,100,,12,9,,,0,100,,31,9,,,0,100,,14,9,,,0,100,,22,9,,,0,100,,15,9,,,0,70,,23,9,,,0,30,,16,9,,,0,70,,29,9,,,0,30,,27,9,,,0,70,,17,9,,,0,100,,24,9,,,0,100,,19,9,,,0,100,,28,9,,,0,100,,30,9,,,0,30,,33,9,,,0
100,'4800',709,,34,9,,,0,100,,35,9,,,0,100,,36,9,,,0,100,,37,9,,,0,100,,38,9,,,0,100,,39,9,,,0,100,,40,9,,,0,100,,41,9,,,0,100,,42,9,,,0,100,,43,9,,,0,100,,44,9,,,0,100,,45,9,,,0,100,,46,9,,,0,100,,48,9,,,0,100,,47,9,,,0
100,'5102',609,,1143,9,,,0,130,,1122,9,,,0,70,,1136,9,,,0,30,,1129,9,,,0,70,,1124,9,,,0,30,,1137,9,,,0,70,,1132,9,,,0,30,,1131,9,,,0,100,,1123,9,,,0,100,,1142,9,,,0,100,,1125,9,,,0,100,,1133,9,,,0,100,,1126,9,,,0,70,,1134,9,,,0,30,,1127,9,,,0,70,,1140,9,,,0,30,,1138,9,,,0,70,,1128,9,,,0,100,,1135,9,,,0,100,,1130,9,,,0,100,,1139,9,,,0,100,,1141,9,,,0,30,,1144,9,,,0
100,'5105',709,,1145,9,,,0,100,,1146,9,,,0,100,,1147,9,,,0,100,,1148,9,,,0,100,,1149,9,,,0,100,,1150,9,,,0,100,,1151,9,,,0,100,,1152,9,,,0,100,,1153,9,,,0,100,,1154,9,,,0,100,,1155,9,,,0,100,,1156,9,,,0,100,,1157,9,,,0,100,,1159,9,,,0,100,,1158,9,,,0
5500,'4795',722,,786,12,0,5 6,0,37,,760,25,0,5 6,0,60,,792,25,0,5 6,0,40,,762,25,0,5 6,0,60,,767,25,0,5 6,0,100,,788,25,0,5 6,0,101,,789,25,0,5 6,0,100,,791,25,0,5 6,0,100,,790,25,0,5 6,0,100,,796,25,0,5 6,0,99,,770,25,0,5 6,0,34,,800,12,0,5 6,0,69,,764,25,0,5 6,0,32,,775,25,0,5 6,0,69,,761,25,0,5 6,0,32,,784,25,0,5 6,0,68,,765,25,0,5 6,0,30,,779,25,0,5 6,0,68,,774,25,0,5 6,0,100,,772,25,0,5 6,0,97,,776,25,0,15,0
5500,'5102',722,,1805,12,0,5 6,0,37,,1779,25,0,5 6,0,60,,1811,25,0,5 6,0,40,,1781,25,0,5 6,0,60,,1786,25,0,5 6,0,100,,1807,25,0,5 6,0,101,,1808,25,0,5 6,0,100,,1810,25,0,5 6,0,100,,1809,25,0,5 6,0,100,,1815,25,0,5 6,0,99,,1789,25,0,5 6,0,103,,1783,25,0,5 6,0,32,,1794,25,0,5 6,0,69,,1780,25,0,5 6,0,32,,1803,25,0,5 6,0,68,,1784,25,0,5 6,0,30,,1798,25,0,5 6,0,68,,1793,25,0,5 6,0,100,,1791,25,0,5 6,0,97,,1795,25,0,15,0
5501,'4327',851,,1839,26,,,0,100,,1841,26,,,0,100,,1840,26,,,0,100,,1842,26,,,0,100,,1835,26,,,0,100,,1843,26,,,0,100,,1837,26,,,0,100,,1834,26,,,0,100,,1833,26,,,0,100,,1838,26,,,0,100,,1836,26,,,0
5501,'4800',745,,828,12,,,0,106,,830,25,,,0,100,,833,25,,,0,100,,831,25,,,0,100,,829,25,,,0,100,,835,25,,,0,100,,832,25,,,0,100,,834,25,,,0,100,,839,25,,,0,100,,838,25,,,0,100,,836,25,,,0,100,,827,25,,,0,100,,841,25,,,0,100,,840,25,,,0,100,,837,25,,,0
5501,'5105',745,,1845,12,,,0,106,,1847,25,,,0,100,,1850,25,,,0,100,,1848,25,,,0,100,,1846,25,,,0,100,,1852,25,,,0,100,,1849,25,,,0,100,,1851,25,,,0,100,,1856,25,,,0,100,,1855,25,,,0,100,,1853,25,,,0,100,,1844,25,,,0,100,,1858,25,,,0,100,,1857,25,,,0,100,,1854,25,,,0
