100,180032,1,0
100,180025,2,0
100,180024,3,0
100,180021,4,0
100,180019,5,0
100,180020,6,0
100,180018,7,0
100,105013,8,0
100,105076,9,0
100,105367,10,0
100,105366,11,0
100,105365,12,0
100,105364,13,0
100,105363,14,0
100,105362,15,0
100,105361,16,0
100,105077,17,0
100,105115,18,0
100,105116,19,0
100,105117,20,0
100,105118,21,0
100,105042,22,0
100,105041,23,0
100,105123,24,0
100,105359,25,0
100,105358,26,0
100,105357,27,0
100,105356,28,0
100,105355,29,0
100,105360,30,0
100,105354,31,0
100,105353,32,0
100,105352,33,0
100,105351,34,0
100,105350,35,0
100,105349,36,0
100,105348,37,0
100,105347,38,0
100,105346,39,0
100,105345,40,0
100,105344,41,0
100,105343,42,0
100,105296,43,0
100,105297,44,0
100,105298,45,0
100,105299,46,0
100,105300,47,0
100,105082,48,0
100,105246,49,0
100,105247,50,1
101,105013,1,0
101,105101,2,0
101,105102,3,0
101,105103,4,0
101,105104,5,0
101,105301,6,0
101,105302,7,0
101,105303,8,0
101,105304,9,0
101,105305,10,0
101,105306,11,0
101,105307,12,0
101,105308,13,0
101,105309,14,0
101,105310,15,0
101,105312,16,0
101,105311,17,0
101,105313,18,0
101,105314,19,0
101,105315,20,0
101,105316,21,0
101,105317,22,0
101,105318,23,0
101,105319,24,0
101,105320,25,0
101,105321,26,0
101,105108,27,0
101,105109,28,0
101,105110,29,0
101,105111,30,0
101,105112,31,0
101,105064,32,0
101,105322,33,0
101,105323,34,0
101,105324,35,0
101,105325,36,0
101,105326,37,0
101,105327,38,0
101,105328,39,0
101,105329,40,0
101,105220,41,1
500,105000,1,0
500,105128,2,0
500,105127,3,0
500,105126,4,0
500,105125,5,0
500,105124,6,0
500,105119,7,0
500,105164,8,0
500,105163,9,0
500,105342,10,0
500,105341,11,0
500,105242,12,0
500,105245,13,0
500,105241,14,0
500,105244,15,0
500,105240,16,0
500,105239,17,0
500,105238,18,0
500,105237,19,0
500,105236,20,0
500,105235,21,0
500,105234,22,0
500,105233,23,0
500,105232,24,0
500,105011,25,0
500,105068,26,0
500,105330,27,0
500,105331,28,0
500,105332,29,0
500,105333,30,0
500,105334,31,0
500,105335,32,0
500,105336,33,0
500,105337,34,0
500,105064,35,0
500,105322,36,0
500,105338,37,0
500,105339,38,0
500,105340,39,0
500,105061,40,0
500,105062,41,0
500,105081,42,0
500,105082,43,0
500,105246,44,0
500,105247,45,0
500,105013,46,0
500,105101,47,0
500,105145,48,0
500,105144,49,0
500,105138,50,0
500,105137,51,0
500,105133,52,0
500,105132,53,0
500,105131,54,0
500,105130,55,0
500,105129,56,0
500,105143,57,0
500,105209,58,0
500,105208,59,0
500,105094,60,1
1000,105016,1,0
1000,105219,2,0
1000,105218,3,0
1000,105217,4,0
1000,105216,5,0
1000,105215,6,0
1000,105214,7,0
1000,105213,8,0
1000,105212,9,0
1000,105211,10,0
1000,180022,11,0
1000,105209,12,0
1000,105208,13,0
1000,105094,14,0
1000,105002,15,1
1001,105002,1,0
1001,105093,2,0
1001,105092,3,0
1001,105091,4,0
1001,105090,5,0
1001,105207,6,0
1001,105206,7,0
1001,180026,8,0
1001,180025,9,0
1001,180024,10,0
1001,180021,11,0
1001,180019,12,0
1001,180020,13,0
1001,180018,14,0
1001,105016,15,1
1200,105019,1,0
1200,105290,2,0
1200,105281,3,0
1200,105291,4,0
1200,105292,5,0
1200,105293,6,0
1200,105294,7,0
1200,105295,8,0
1200,105393,9,0
1200,105392,10,0
1200,105390,11,0
1200,105389,12,0
1200,105388,13,0
1200,105387,14,0
1200,105386,15,0
1200,105385,16,0
1200,105384,17,0
1200,105383,18,0
1200,105382,19,0
1200,105381,20,0
1200,105380,21,0
1200,105262,22,0
1200,105288,23,0
1200,105261,24,0
1200,105289,25,0
1200,105260,26,0
1200,105114,27,0
1200,105006,28,0
1200,105249,29,0
1200,105250,30,0
1200,105251,31,0
1200,105252,32,0
1200,105253,33,0
1200,105254,34,0
1200,105255,35,0
1200,105256,36,0
1200,105007,37,0
1200,105028,38,0
1200,105212,39,0
1200,180032,40,0
1200,105411,41,0
1200,105257,51,0
1200,105258,52,1
1500,105002,1,0
1500,105093,2,0
1500,105092,3,0
1500,105091,4,0
1500,105090,5,0
1500,105089,6,0
1500,105088,7,0
1500,105087,8,0
1500,105086,9,0
1500,105085,10,0
1500,105084,11,0
1500,105003,12,0
1500,105083,13,0
1500,105080,14,0
1500,105079,15,0
1500,105078,16,0
1500,105077,17,0
1500,105113,18,0
1500,105017,19,1
1501,105017,1,0
1501,105064,2,0
1501,180001,3,0
1501,105066,4,0
1501,105026,5,0
1501,105069,6,0
1501,105071,7,0
1501,105070,8,0
1501,105072,9,0
1501,105073,10,0
1501,105075,11,0
1501,105074,12,0
1501,105136,13,0
1501,105135,14,0
1501,105134,15,0
1501,105100,16,0
1501,105098,17,0
1501,105097,18,0
1501,105096,19,0
1501,105095,20,0
1501,105094,21,0
1501,105002,22,1
1601,105017,1,0
1601,105060,2,0
1601,180002,3,0
1601,105006,4,0
1601,105379,5,0
1601,105378,6,0
1601,105372,7,0
1601,105371,8,0
1601,105370,9,0
1601,105369,10,0
1601,105368,11,0
1601,105049,12,0
1601,105050,13,0
1601,105051,14,0
1601,105052,15,0
1601,105053,16,0
1601,105054,17,0
1601,105056,18,0
1601,105065,19,0
1601,105067,20,0
1601,105249,21,0
1601,105250,22,0
1601,105251,23,0
1601,105252,24,0
1601,105253,25,0
1601,105254,26,0
1601,105255,27,0
1601,105256,28,0
1601,105377,29,0
1601,105376,30,0
1601,105375,31,0
1601,105374,32,0
1601,105373,33,0
1601,105259,34,0
1601,105019,35,0
1601,105114,36,0
1601,105007,37,0
1601,105058,38,0
1601,105059,39,1
1701,105015,1,0
1701,105101,2,0
1701,105102,3,0
1701,105103,4,0
1701,105104,5,0
1701,105105,6,0
1701,105106,7,0
1701,105107,8,0
1701,105108,9,0
1701,105109,10,0
1701,105110,11,0
1701,105111,12,0
1701,105112,13,0
1701,105113,14,0
1701,105017,15,1
1800,105017,1,0
1800,105115,2,0
1800,105116,3,0
1800,105117,4,0
1800,105118,5,0
1800,105042,6,0
1800,105041,7,0
1800,105123,8,0
1800,105061,9,0
1800,105062,10,0
1800,105081,11,0
1800,105082,12,0
1800,105246,13,0
1800,105247,14,0
1800,105015,15,1
4600,105002,1,0
4600,105037,2,0
4600,105032,3,0
4600,105267,4,0
4600,105036,5,0
4600,105403,6,0
4600,105274,7,0
4600,105273,8,0
4600,180030,9,0
4600,105405,10,0
4600,105271,11,0
4600,105408,12,0
4600,105409,13,0
4600,105046,14,0
4600,105045,15,0
4600,105241,16,0
4600,105044,17,0
4600,105048,18,0
4600,105047,19,0
4600,105287,20,0
4600,105286,21,0
4600,105237,22,0
4600,105236,23,0
4600,105235,24,0
4600,105234,25,0
4600,105233,26,0
4600,105232,27,0
4600,105010,28,0
4600,105285,29,0
4600,105283,30,0
4600,105284,31,0
4600,105021,32,0
4600,105023,33,0
4600,105004,34,0
4600,105069,35,0
4600,105071,36,0
4600,105070,37,0
4600,105072,38,0
4600,105027,39,0
4600,105028,40,0
4600,105030,41,0
4600,105029,42,0
4600,105074,43,0
4600,105136,44,0
4600,105135,45,0
4600,105134,46,0
4600,180003,47,0
4600,105031,48,0
4600,105097,49,0
4600,105096,50,0
4600,105095,51,0
4600,105094,52,1
4701,105002,1,0
4701,105093,2,0
4701,105092,3,0
4701,105091,4,0
4701,105264,5,0
4701,105263,6,0
4701,105411,7,0
4701,105410,8,0
4701,105088,9,0
4701,105087,10,0
4701,105086,11,0
4701,105085,12,0
4701,105005,13,0
4701,105038,14,0
4701,105022,15,0
4701,180027,16,0
4701,105282,17,0
4701,105010,18,0
4701,105068,19,0
4701,105330,20,0
4701,105331,21,0
4701,105231,22,0
4701,105243,23,0
4701,105230,24,0
4701,105229,25,0
4701,105228,26,0
4701,105227,27,0
4701,105226,28,0
4701,105280,29,0
4701,105048,30,0
4701,105224,31,0
4701,105279,32,0
4701,105276,33,0
4701,105277,34,0
4701,105278,35,0
4701,105043,36,0
4701,105275,37,0
4701,105274,38,0
4701,105273,39,0
4701,180030,40,0
4701,105405,41,0
4701,105271,42,0
4701,105270,43,0
4701,105269,44,0
4701,105033,45,0
4701,105266,46,0
4701,105265,47,0
4701,105000,48,0
4701,105134,49,0
4701,105100,50,0
4701,105098,51,0
4701,105097,52,0
4701,105096,53,0
4701,105095,54,0
4701,105094,55,1
5501,105001,1,0
5501,180023,2,0
5501,180009,3,0
5501,180011,4,0
5501,180010,5,0
5501,105161,6,0
5501,105142,7,0
5501,105141,8,0
5501,105140,9,0
5501,105122,10,0
5501,105121,11,0
5501,105182,12,0
5501,180005,13,0
5501,105015,14,0
5501,105013,15,0
5501,105101,16,0
5501,105102,17,0
5501,105103,18,0
5501,105104,19,0
5501,105105,20,0
5501,105106,21,0
5501,105107,22,0
5501,105120,23,0
5501,180004,24,0
5501,105362,25,0
5501,105361,26,0
5501,105077,27,0
5501,105191,28,0
5501,180013,29,0
5501,180012,30,0
5501,105160,31,0
5501,105024,32,0
5501,105025,33,0
5501,105233,34,0
5501,105232,35,0
5501,105011,36,0
5501,105068,37,0
5501,105330,38,0
5501,105331,39,0
5501,105231,40,0
5501,105243,41,0
5501,105230,42,0
5501,105229,43,0
5501,105228,44,0
5501,105227,45,0
5501,105226,46,0
5501,105225,47,0
5501,105244,48,0
5501,105240,49,0
5501,105239,50,0
5501,105224,51,0
5501,105223,52,0
5501,105222,53,0
5501,105221,54,0
5501,180017,55,0
5501,180016,56,0
5501,180015,57,0
5501,180006,58,0
5501,105162,59,0
5501,180008,60,0
5501,180007,61,0
5501,105136,62,0
5501,105135,63,1
8801,105008,1,0
8801,105203,2,0
8801,105521,3,0
8801,105522,4,0
8801,105523,5,0
8801,105524,6,0
8801,105525,7,0
8801,105425,8,0
8801,105426,9,0
8801,105428,10,0
8801,105427,11,0
8801,105430,12,0
8801,105431,13,0
8801,105429,14,0
8801,105013,15,0
8801,105015,16,0
8801,105076,17,0
8801,105003,18,0
8801,105005,19,0
8801,105038,20,0
8801,105022,21,0
8801,180027,22,0
8801,105282,23,0
8801,105010,24,0
8801,105449,25,0
8801,105450,26,0
8801,105451,27,0
8801,105280,28,0
8801,105444,29,0
8801,105441,30,0
8801,105424,31,0
8801,105432,32,0
8801,105437,33,0
8801,105435,34,0
8801,180002,35,0
8801,105006,36,0
8801,105379,37,0
8801,105378,38,0
8801,105377,39,0
8801,105376,40,0
8801,105375,41,0
8801,105374,42,0
8801,105373,43,0
8801,105259,44,0
8801,105290,45,0
8801,105281,46,0
8801,105820,47,0
8801,105019,48,1
8900,105019,1,0
8900,105114,2,0
8900,105007,3,0
8900,105434,4,0
8900,105436,5,0
8900,105438,6,0
8900,105439,7,0
8900,105442,8,0
8900,180028,9,0
8900,105286,10,0
8900,105445,11,0
8900,105446,12,0
8900,105447,13,0
8900,105488,14,0
8900,105011,15,0
8900,105285,16,0
8900,105283,17,0
8900,105284,18,0
8900,105021,19,0
8900,105023,20,0
8900,105026,21,0
8900,105014,22,0
8900,105101,23,0
8900,105511,24,0
8900,105512,25,0
8900,105180,26,0
8900,105188,27,0
8900,105187,28,0
8900,105186,29,0
8900,105185,30,0
8900,105184,31,0
8900,105183,32,0
8900,105812,33,0
8900,105181,34,0
8900,105173,35,0
8900,105398,36,0
8900,105399,37,0
8900,105394,38,0
8900,105400,39,0
8900,105401,40,0
8900,105454,41,0
8900,105008,42,1
9100,105014,1,0
9100,105101,2,0
9100,105412,3,0
9100,105413,4,0
9100,105414,5,0
9100,105417,6,0
9100,105418,7,0
9100,105415,8,0
9100,105416,9,0
9100,105419,10,0
9100,105149,11,0
9100,105148,12,0
9100,105151,13,0
9100,105176,14,0
9100,105157,15,0
9100,105174,16,0
9100,105170,17,0
9100,105166,18,0
9100,105171,19,0
9100,105173,20,0
9100,105398,21,0
9100,105399,22,0
9100,105394,23,0
9100,105400,24,0
9100,105401,25,0
9100,105454,26,0
9100,105008,27,1
9101,105008,1,0
9101,105193,2,0
9101,105192,3,0
9101,180014,4,0
9101,105190,5,0
9101,105197,6,0
9101,105198,7,0
9101,105199,8,0
9101,105200,9,0
9101,105201,10,0
9101,105202,11,0
9101,105518,12,0
9101,105517,13,0
9101,105519,14,0
9101,105520,15,0
9101,105178,16,0
9101,105500,17,0
9101,105501,18,0
9101,105502,19,0
9101,105503,20,0
9101,105507,21,0
9101,105509,22,0
9101,105510,23,0
9101,105419,24,0
9101,105420,25,0
9101,105421,26,0
9101,105422,27,0
9101,105395,28,0
9101,105396,29,0
9101,105139,30,0
9101,105397,31,0
9101,105014,32,1
9601,105014,1,0
9601,105101,2,0
9601,105412,3,0
9601,105413,4,0
9601,105414,5,0
9601,105417,6,0
9601,105418,7,0
9601,105415,8,0
9601,105416,9,0
9601,105419,10,0
9601,105149,11,0
9601,105402,12,0
9601,105159,13,0
9601,105398,14,0
9601,105399,15,0
9601,105394,16,0
9601,105400,17,0
9601,105401,18,0
9601,105504,19,0
9601,105505,20,0
9601,105506,21,0
9601,105507,22,0
9601,105509,23,0
9601,105510,24,0
9601,105148,25,0
9601,105151,26,0
9601,105176,27,0
9601,105157,28,0
9601,105152,29,0
9601,105175,30,0
9601,105154,31,0
9601,105172,32,0
9601,105155,33,0
9601,105174,34,0
9601,105170,35,0
9601,105166,36,0
9601,105171,37,0
9601,105173,38,0
9601,105147,39,0
9601,105177,40,0
9601,105169,41,0
9601,105500,42,0
9601,105501,43,0
9601,105502,44,0
9601,105503,45,0
9601,105420,46,0
9601,105421,47,0
9601,105422,48,0
9601,105395,49,0
9601,105396,50,0
9601,105139,51,0
9601,105397,52,1
9701,105014,1,0
9701,105101,2,0
9701,105511,3,0
9701,105512,4,0
9701,105180,5,0
9701,105188,6,0
9701,105187,7,0
9701,105186,8,0
9701,105185,9,0
9701,105184,10,0
9701,105183,11,0
9701,105812,12,0
9701,105181,13,0
9701,105189,14,0
9701,105196,15,0
9701,105195,16,0
9701,105193,17,0
9701,105192,18,0
9701,180014,19,0
9701,105190,20,0
9701,105197,21,0
9701,105198,22,0
9701,105199,23,0
9701,105200,24,0
9701,105201,25,0
9701,105202,26,0
9701,105177,27,0
9701,105169,28,0
9701,105500,29,0
9701,105501,30,0
9701,105502,31,0
9701,105454,32,0
9701,105008,33,0
9701,180033,34,0
9701,105203,35,0
9701,105204,36,0
9701,105205,37,0
9701,180000,38,0
9701,105514,39,0
9701,105513,40,0
9701,105515,41,0
9701,105516,42,0
9701,105521,43,0
9701,105522,44,0
9701,105523,45,0
9701,105524,46,0
9701,105525,47,0
9701,105425,48,0
9701,105429,49,1
